x	y	clickSelects
0.0125363585454501	0.762850768189531	59
-0.02187037799917	0.552145600192979	59
-0.01833170548507	0.550474500519343	1278
0.00512046256540999	0.763983990824277	1278
0.0237856323831001	0.749532235889444	1278
-0.01867963642989	0.551199515777305	428
-0.0229578492434499	0.552861579278889	428
-0.01684905918208	0.549966932484854	62
-0.01867963642989	0.551199515777305	62
-0.024451922565	0.552456091331436	62
-0.01867963642989	0.551199515777305	62
-0.0194204462082701	0.551189226731038	62
-0.01406510425906	0.548397333153719	4073
0.02631718126753	2.05304259553904	1278
0.0481557243066699	1.29167014183961	428
-0.10609608837844	1.90125709101051	62
-0.10849575045906	1.22757790302188	62
0.04301931813585	1.29769079713268	62
-0.04971093558643	1.47740432262897	62
0.0203718225073899	0.752920228831872	1500
0.0225920969098901	1.02452759161383	1117
0.0289651897913901	1.01934512892471	1117
-0.10687175994753	1.22926627081488	822
-0.0175902174126199	0.550484114851072	822
-0.0175902174126199	0.550484114851072	189
-0.0175902174126199	0.550484114851072	643
-0.0175902174126199	0.550484114851072	29
-0.01867963642989	0.551199515777305	2097
-0.01684905918208	0.549966932484854	232
-0.01793915586182	0.550681864442582	232
0.0444696241570699	1.29440374004793	1278
0.0472362201849801	1.2935192893122	1278
0.06885484114369	1.5113314332258	103
-0.10069999227773	2.41562203776868	2201
-0.05996564237325	1.49567872065129	62
0.01747004335381	0.756663056048577	62
0.0261605415731001	1.02407684478155	62
0.0125363585454501	0.762850768189531	1500
-0.0175902174126199	0.550484114851072	189
-0.0175902174126199	0.550484114851072	189
-0.0233658235888801	0.551742344860982	13
-0.01834057120307	0.550050642444883	13
-0.01684905918208	0.549966932484854	643
-0.01684905918208	0.549966932484854	643
-0.0226179329145799	0.552416088281882	298
-0.01406510425906	0.548397333153719	5350
-0.01867963642989	0.551199515777305	197
0.01871077411124	0.755607155160683	197
-0.02187037799917	0.552145600192979	1105
-0.01867963642989	0.551199515777305	232
0.02506338689152	1.02517497657364	59
0.08924534734016	2.39788084444037	59
0.0283814619184299	1.01693230515753	1278
-0.00981390711491992	2.36554506668569	428
-0.10784787618645	1.22340284577304	428
-0.01833170548507	0.550474500519343	62
-0.0175908297052101	0.54879582421027	62
-0.01793915586182	0.550681864442582	4073
0.0165448668291399	0.759410563089855	62
-0.0190906504648001	0.550321617620206	293
-0.0229578492434499	0.552861579278889	239
0.01778704217386	0.758349119765208	207
0.01592333896194	0.759438031046279	207
-0.01406510425906	0.548397333153719	13
-0.02187037799917	0.552145600192979	197
-0.0133214523362899	0.547881190959341	569
-0.0175902174126199	0.550484114851072	218
-0.0190906504648001	0.550321617620206	2239
-0.02187037799917	0.552145600192979	59
0.0110345544285599	0.760564294836467	1561
0.0283814619184299	1.01693230515753	59
-0.0211231585375999	0.550885444723327	62
-0.01834057120307	0.550050642444883	62
-0.01793915586182	0.550681864442582	62
-0.0229578492434499	0.552861579278889	62
0.0103749316466599	0.762431636633961	29
0.0168631287751999	0.757214073923297	2097
0.01809055511489	0.756301931943798	197
-0.0233936745368599	0.550862796636914	197
-0.01833170548507	0.550474500519343	197
0.0244011397567701	0.749503353705568	2170
-0.0194204462082701	0.551189226731038	569
0.0125363585454501	0.762850768189531	168
-0.0194204462082701	0.551189226731038	218
-0.01867963642989	0.551199515777305	2239
0.0215521815141499	0.754354654287299	599
0.000471667911329909	0.764803139063607	1061
-0.0194204462082701	0.551189226731038	301
-0.01867963642989	0.551199515777305	59
0.01599197035305	0.758811048932772	1561
0.0168631287751999	0.757214073923297	59
-0.0222113149496199	0.551599382638492	59
-0.0133214523362899	0.547881190959341	1278
-0.01867963642989	0.551199515777305	428
-0.0229578492434499	0.552861579278889	428
-0.01684905918208	0.549966932484854	103
-0.0330973152037799	0.553408349636547	62
-0.0133214523362899	0.547881190959341	62
-0.0226179329145799	0.552416088281882	62
-0.01833170548507	0.550474500519343	62
-0.01793915586182	0.550681864442582	62
-0.11756240272938	1.23236706522424	189
0.0119175278396799	0.763411251497296	13
-0.0194204462082701	0.551189226731038	5208
-0.01793915586182	0.550681864442582	29
0.0119175278396799	0.763411251497296	29
-0.01833170548507	0.550474500519343	45
-0.01867963642989	0.551199515777305	569
-0.01684905918208	0.549966932484854	168
-0.0226179329145799	0.552416088281882	168
-0.0161082304962099	0.548551675553127	578
-0.0175902174126199	0.550484114851072	1161
-0.01867963642989	0.551199515777305	428
-0.0229578492434499	0.552861579278889	428
0.00548657232761007	0.761844560564074	103
0.06560558622229	1.52224991629661	189
-0.0229578492434499	0.552861579278889	13
-0.0229578492434499	0.552861579278889	29
-0.0175902174126199	0.550484114851072	45
0.00888511617360011	0.760048368610647	292
-0.0229578492434499	0.552861579278889	569
-0.01867963642989	0.551199515777305	374
0.02093431032988	0.754713979888223	218
-0.0229578492434499	0.552861579278889	1161
-0.01257813221999	0.546472227688933	301
0.04397284178617	2.38015018255219	59
0.0247375467851501	1.02600797208634	59
0.0644021986393799	1.51917691263011	428
0.0368605671308	1.30064515848397	428
-0.01867963642989	0.551199515777305	62
-0.01867963642989	0.551199515777305	62
-0.10691641588264	1.22795457827845	62
0.02524631072753	1.02519389960119	62
-0.02187037799917	0.552145600192979	822
-0.0237047183471799	0.553131982412369	13
-0.01867963642989	0.551199515777305	5054
-0.0237047183471799	0.553131982412369	292
-0.0423930999893101	2.24798301893807	59
0.0232101318426201	1.02609045528492	363
0.03967188818365	1.30252951141442	1278
-0.10346572361335	1.2213228672274	103
0.0261605415731001	1.02407684478155	62
0.0149972602149799	0.758302386104218	293
-0.0237047183471799	0.553131982412369	293
0.0486867420538499	1.28786767897642	293
-0.0148090882885701	0.548389809404095	189
-0.01833170548507	0.550474500519343	13
-0.0211231585375999	0.550885444723327	643
0.01747004335381	0.756663056048577	643
-0.0201615854936801	0.55033415003984	643
-0.0175902174126199	0.550484114851072	5208
-0.01833170548507	0.550474500519343	5208
-0.0175902174126199	0.550484114851072	45
-0.0175902174126199	0.550484114851072	197
-0.0175902174126199	0.550484114851072	197
-0.0190906504648001	0.550321617620206	569
-0.01867963642989	0.551199515777305	569
-0.0222113149496199	0.551599382638492	836
-0.0161082304962099	0.548551675553127	4836
-0.01684905918208	0.549966932484854	59
0.00487411703975993	0.761915362164187	986
-0.11139638581018	1.23238875476122	103
-0.10070451972405	1.21922278995738	103
0.0604396094547801	1.52904200342282	1018
0.0143747157024601	0.757924517569841	62
-0.0175902174126199	0.550484114851072	13
0.01160300652547	0.7605521945031	13
-0.0226179329145799	0.552416088281882	5208
-0.0222113149496199	0.551599382638492	197
-0.0148090882885701	0.548389809404095	2083
-0.01684905918208	0.549966932484854	2083
0.01284008349584	0.760648448535067	103
-0.10701915471612	1.22947620869318	103
0.0192676060575401	1.02775995909835	103
-0.1097763498128	1.23083154964227	2889
-0.0175902174126199	0.550484114851072	293
-0.01684905918208	0.549966932484854	822
-0.0237047183471799	0.553131982412369	821
-0.01793915586182	0.550681864442582	189
-0.0229578492434499	0.552861579278889	13
0.01809055511489	0.756301931943798	13
-0.0190735236970101	0.549621946077532	643
-0.01793915586182	0.550681864442582	45
-0.01793915586182	0.550681864442582	45
-0.01793915586182	0.550681864442582	45
-0.0175908297052101	0.54879582421027	2891
-0.01684905918208	0.549966932484854	569
-0.01684905918208	0.549966932484854	569
0.08516631037858	2.07600380961887	59
0.0446378874962501	2.37792648717911	363
-0.11026941318888	1.23233302189592	103
-0.10292338050295	1.21729530742576	1018
0.03082699011749	1.01653460397661	62
-0.01833170548507	0.550474500519343	62
-0.0171990042076899	0.549264213163276	3824
-0.01793915586182	0.550681864442582	2554
0.01778704217386	0.758349119765208	189
0.02991361816884	1.01764457331484	13
-0.0175902174126199	0.550484114851072	698
-0.0148090882885701	0.548389809404095	351
-0.0237047183471799	0.553131982412369	643
-0.0175902174126199	0.550484114851072	223
-0.01834057120307	0.550050642444883	223
-0.0229578492434499	0.552861579278889	968
-0.0237047183471799	0.553131982412369	2207
-0.01833170548507	0.550474500519343	1507
-0.0237047183471799	0.553131982412369	955
-0.01793915586182	0.550681864442582	428
-0.01406510425906	0.548397333153719	428
-0.0226179329145799	0.552416088281882	1018
-0.02876377688911	0.553275796031429	1018
-0.0233658235888801	0.551742344860982	62
-0.0198410677985901	0.54965404061661	62
0.0298086414302301	1.01807488376152	13
0.0528338706531899	1.27594269606162	45
-0.0222113149496199	0.551599382638492	223
0.0279806519479	1.01716417707732	1791
0.0196446257157299	1.02649872333195	1105
-0.0229578492434499	0.552861579278889	615
-0.01833170548507	0.550474500519343	218
-0.0229578492434499	0.552861579278889	218
-0.01867963642989	0.551199515777305	218
-0.0237047183471799	0.553131982412369	1120
0.00757966586990011	0.762502085868347	1120
-0.0133214523362899	0.547881190959341	1120
-0.0190735236970101	0.549621946077532	1161
0.0078920702023999	0.764028740507937	1161
-0.0237047183471799	0.553131982412369	1061
-0.02187037799917	0.552145600192979	1061
-0.10603560874472	1.22806364560938	59
0.01285258494261	0.758773052262144	59
-0.01793915586182	0.550681864442582	363
-0.02187037799917	0.552145600192979	1278
-0.0237047183471799	0.553131982412369	428
0.0851546633529901	2.07942152878199	428
-0.0237047183471799	0.553131982412369	103
0.0171661011528299	0.75904802450482	103
-0.01684905918208	0.549966932484854	672
-0.0194204462082701	0.551189226731038	62
-0.06518970111136	2.07827490336302	62
-0.0226179329145799	0.552416088281882	62
-0.01867963642989	0.551199515777305	119
-0.0175902174126199	0.550484114851072	62
-0.0133214523362899	0.547881190959341	189
0.01747004335381	0.756663056048577	2554
-0.0175902174126199	0.550484114851072	189
-0.0190735236970101	0.549621946077532	698
-0.0544574039196699	1.49224645711565	197
-0.01793915586182	0.550681864442582	2207
-0.01684905918208	0.549966932484854	569
-0.01793915586182	0.550681864442582	5386
-0.01684905918208	0.549966932484854	4482
0.0165448668291399	0.759410563089855	301
-0.024451922565	0.552456091331436	59
0.06855862681082	1.5113567168616	363
0.0620223677570999	1.52389613562768	1278
0.0255032173010299	1.02263591617007	1278
-0.11318794721963	1.23045744844784	62
-0.0190906504648001	0.550321617620206	189
-0.01833170548507	0.550474500519343	13
-0.01793915586182	0.550681864442582	643
-0.0175902174126199	0.550484114851072	45
-0.01833170548507	0.550474500519343	292
-0.0175902174126199	0.550484114851072	2207
-0.02187037799917	0.552145600192979	2083
-0.0175902174126199	0.550484114851072	218
0.0897879924359899	1.88863189752742	59
0.0284906974608501	1.01657017770885	59
0.0125363585454501	0.762850768189531	59
-0.02687985305374	1.70411314827181	59
0.00170180413433996	0.764062147063211	59
-0.0226179329145799	0.552416088281882	1034
0.0284906974608501	1.01657017770885	1034
0.03224917539475	1.0111969177692	62
0.0458566119459301	1.28945589358373	62
0.0125363585454501	0.762850768189531	62
-0.01867963642989	0.551199515777305	62
-0.0237047183471799	0.553131982412369	119
-0.01833170548507	0.550474500519343	62
-0.0194204462082701	0.551189226731038	293
-0.0190735236970101	0.549621946077532	2554
-0.0261719333284201	0.551946229427137	189
-0.0194204462082701	0.551189226731038	13
-0.0237047183471799	0.553131982412369	13
-0.0175902174126199	0.550484114851072	13
-0.01684905918208	0.549966932484854	298
-0.0190735236970101	0.549621946077532	2083
0.02872428209283	1.31014820061812	59
0.0724183438594801	1.92744975985471	363
0.00697269206835993	0.76287814744911	363
0.02186403423846	0.753221450651074	428
-0.0175902174126199	0.550484114851072	428
0.0294041486810801	1.01859137622764	103
-0.02187037799917	0.552145600192979	1018
0.04158533673405	1.29752940385601	62
-0.0361184716146301	1.72779679694267	62
-0.0229578492434499	0.552861579278889	62
0.0109947834108299	0.762259539823454	119
0.0292991861709899	1.01833338602226	62
0.0119175278396799	0.763411251497296	62
0.0203161481024601	0.754741636107711	293
-0.01793915586182	0.550681864442582	293
-0.0171990042076899	0.549264213163276	13
-0.02187037799917	0.552145600192979	13
0.0165448668291399	0.759410563089855	13
-0.01684905918208	0.549966932484854	698
-0.01867963642989	0.551199515777305	643
-0.01833170548507	0.550474500519343	223
-0.01833170548507	0.550474500519343	298
-0.0133214523362899	0.547881190959341	298
-0.0237047183471799	0.553131982412369	4280
-0.0133214523362899	0.547881190959341	1507
-0.0171990042076899	0.549264213163276	2420
-0.01684905918208	0.549966932484854	168
-0.01833170548507	0.550474500519343	218
-0.10286480342996	1.90395341646303	59
0.0470289488793201	1.2867184425702	59
0.03967188818365	1.30252951141442	59
0.0313358837825299	1.01518563757739	93
0.01284008349584	0.760648448535067	59
0.02747041865544	1.01742344098921	428
-0.0649669639722199	1.50555398773272	1034
-0.01793915586182	0.550681864442582	3200
-0.1010423828626	1.21859186024894	3200
-0.0229578492434499	0.552861579278889	428
-0.0194204462082701	0.551189226731038	103
-0.01867963642989	0.551199515777305	103
0.0615104676429099	1.5288204795787	428
-0.0229578492434499	0.552861579278889	62
0.00975478718977008	0.762163263594681	62
-0.01867963642989	0.551199515777305	672
0.0921364489472001	1.87506494633169	62
0.0122216908150199	0.760819889603963	62
-0.05261323042244	1.48064480807136	62
0.0171661011528299	0.75904802450482	62
-0.0194204462082701	0.551189226731038	293
-0.0194204462082701	0.551189226731038	189
-0.0190906504648001	0.550321617620206	13
-0.01684905918208	0.549966932484854	13
-0.0194204462082701	0.551189226731038	45
0.0122216908150199	0.760819889603963	4280
-0.0229578492434499	0.552861579278889	218
-0.01867963642989	0.551199515777305	333
-0.09889116037618	1.21427715762127	59
0.05223344035559	1.53657925025605	955
-0.04613435156159	1.4703686857261	59
0.03864030187123	1.30433959126548	59
0.0168631287751999	0.757214073923297	363
-0.0466352176278999	1.46586108890548	363
-0.0229578492434499	0.552861579278889	363
0.0203161481024601	0.754741636107711	1034
0.02000911746325	0.755377623377746	103
-0.01684905918208	0.549966932484854	1018
0.01537580367915	0.759367033073816	1018
-0.0175902174126199	0.550484114851072	62
-0.0226179329145799	0.552416088281882	293
-0.01867963642989	0.551199515777305	293
-0.0194204462082701	0.551189226731038	293
0.0162983452085099	0.758703814770182	293
0.0193902290263399	0.755405479634455	189
-0.0194204462082701	0.551189226731038	189
-0.0175902174126199	0.550484114851072	643
-0.0175902174126199	0.550484114851072	29
-0.01867963642989	0.551199515777305	29
-0.0269256257472901	0.552956033505307	3580
-0.01833170548507	0.550474500519343	374
-0.0211231585375999	0.550885444723327	218
-0.11174962875569	1.23372500731558	59
0.0261605415731001	1.02407684478155	363
0.04493014781966	1.29326860596272	428
0.04295248141019	1.29647426623786	428
0.00758952045862005	0.761066710009692	1034
-0.0988101613180901	1.88249344335179	3200
0.02021444911343	1.02979291111824	103
0.0251436124525	1.02531786052478	62
0.01129840522229	0.763582575492988	293
-0.0201615854936801	0.55033415003984	293
-0.0226179329145799	0.552416088281882	189
-0.0233658235888801	0.551742344860982	13
-0.01793915586182	0.550681864442582	698
-0.0148090882885701	0.548389809404095	698
-0.0237047183471799	0.553131982412369	643
-0.01406510425906	0.548397333153719	29
-0.01867963642989	0.551199515777305	1507
-0.0175902174126199	0.550484114851072	569
-0.0269256257472901	0.552956033505307	881
-0.0237047183471799	0.553131982412369	5003
-0.07018944389469	2.08710289322554	59
-0.01406510425906	0.548397333153719	59
-0.01834057120307	0.550050642444883	59
0.00170180413433996	0.764062147063211	363
0.0841879398954899	1.90285165818667	428
-0.10883286899971	1.22947887441053	3200
-0.11464347259909	1.23567919171849	62
0.01574816170212	1.0321195333085	62
0.0558461737442699	1.5329532967099	672
0.07698040538202	1.71685798376588	672
-0.01867963642989	0.551199515777305	1018
-0.0175902174126199	0.550484114851072	13
-0.01793915586182	0.550681864442582	13
-0.0133214523362899	0.547881190959341	698
-0.01867963642989	0.551199515777305	643
-0.0229578492434499	0.552861579278889	569
-0.01793915586182	0.550681864442582	593
-0.01833170548507	0.550474500519343	1120
0.0169137793345999	0.758148594472621	59
0.05837667794595	1.52779012710542	59
0.07288384861674	2.10039038322886	59
0.0242285957358399	1.02643660961203	103
0.0471041903760201	1.29032998007101	62
-0.0598579762479301	1.4971748880792	62
-0.0237047183471799	0.553131982412369	293
-0.0171990042076899	0.549264213163276	226
-0.01833170548507	0.550474500519343	29
-0.01833170548507	0.550474500519343	162
-0.01867963642989	0.551199515777305	1102
-0.0194204462082701	0.551189226731038	162
-0.01793915586182	0.550681864442582	569
-0.0198410677985901	0.54965404061661	4122
-0.01833170548507	0.550474500519343	232
-0.01793915586182	0.550681864442582	232
0.05599901690528	1.53465107063004	59
-0.0211231585375999	0.550885444723327	62
-0.01833170548507	0.550474500519343	2887
-0.0707894098781201	2.08801036721661	62
0.0468425454622099	1.2888212348647	62
-0.01793915586182	0.550681864442582	62
0.0119175278396799	0.763411251497296	189
0.0171661011528299	0.75904802450482	189
-0.11995294066929	1.23527588686998	293
-0.0175902174126199	0.550484114851072	293
0.02346486268783	1.01989990617541	351
-0.0175902174126199	0.550484114851072	3640
-0.01867963642989	0.551199515777305	29
-0.0175902174126199	0.550484114851072	1102
-0.0222113149496199	0.551599382638492	1102
-0.0226179329145799	0.552416088281882	593
-0.0233108738928101	2.40978111268947	59
-0.02208130935429	1.70853119920388	1278
0.0169137793345999	0.758148594472621	103
-0.01833170548507	0.550474500519343	293
-0.01867963642989	0.551199515777305	293
0.01284008349584	0.760648448535067	293
-0.0201615854936801	0.55033415003984	189
-0.0237047183471799	0.553131982412369	13
-0.0229578492434499	0.552861579278889	2001
-0.0194204462082701	0.551189226731038	569
-0.0194204462082701	0.551189226731038	354
-0.02187037799917	0.552145600192979	156
0.0137731451768	0.759912067951593	59
-0.0190735236970101	0.549621946077532	59
-0.01793915586182	0.550681864442582	59
-0.10263086194744	1.22494757686701	363
0.0260727544639401	1.02125353041721	428
0.00665901307583994	0.765261578783683	103
0.04617712899247	1.29107074232582	103
0.0116143427219699	0.761700246788856	62
-0.0586101960229299	1.49544515552146	62
-0.0175902174126199	0.550484114851072	2887
0.0298086414302301	1.01807488376152	513
-0.02876377688911	0.553275796031429	293
0.01315489757833	0.761843472172444	189
-0.01684905918208	0.549966932484854	13
-0.0237047183471799	0.553131982412369	29
-0.0226179329145799	0.552416088281882	29
-0.0559075159947899	1.49013036830807	59
-0.1059688880902	1.90877379729758	93
0.0116143427219699	0.761700246788856	363
-0.01833170548507	0.550474500519343	428
-0.0586101960229299	1.49544515552146	62
-0.09823211528759	1.21645746531654	62
0.00727568676764001	0.764893675986884	2887
0.0288944917640499	1.0191869890738	513
0.0247375467851501	1.02600797208634	293
-0.0226179329145799	0.552416088281882	189
-0.01793915586182	0.550681864442582	29
-0.0194204462082701	0.551189226731038	615
0.03488440923481	1.30730554279099	59
0.0206277143186899	0.755017748186865	93
0.01072792411642	0.760860178991134	59
0.04342847791724	1.29889671885983	363
-0.10558318524136	1.22507135736124	986
0.0202865462142701	1.02601109734255	62
-0.10642265297753	1.22815760993745	62
-0.01867963642989	0.551199515777305	189
0.0109947834108299	0.762259539823454	29
-0.0171990042076899	0.549264213163276	162
-0.0194204462082701	0.551189226731038	162
-0.01684905918208	0.549966932484854	2535
0.0433554492284001	1.29896108408425	59
-0.0563074734840601	1.4828418385821	93
-0.06552746186012	2.07398503596867	59
-0.01867963642989	0.551199515777305	59
0.0465699998068601	1.28815429890249	103
0.01624146650967	0.757911091286895	62
0.0453954849173599	1.28996595561158	672
-0.01406510425906	0.548397333153719	62
-0.02415026402579	0.550475389646869	1491
-0.0226179329145799	0.552416088281882	29
0.0382886326155101	1.30265847869135	93
-0.09911581330481	1.89094219705173	93
-0.05469444052338	1.48225447318278	986
-0.01867963642989	0.551199515777305	1034
0.0476960433921001	1.29280531683243	62
0.0309961505546399	1.0168328080582	1018
0.0453954849173599	1.28996595561158	1018
-0.0987248057791399	1.21691768744098	3229
-0.0175902174126199	0.550484114851072	13
-0.01833170548507	0.550474500519343	13
0.01561951040345	0.758273432029444	29
-0.0175908297052101	0.54879582421027	162
-0.0148090882885701	0.548389809404095	1234
-0.02876377688911	0.553275796031429	59
0.0162983452085099	0.758703814770182	59
-0.01793915586182	0.550681864442582	363
0.00665901307583994	0.765261578783683	363
-0.0226179329145799	0.552416088281882	1034
0.0125363585454501	0.762850768189531	103
-0.0987248057791399	1.21691768744098	428
-0.01793915586182	0.550681864442582	62
0.05946011714254	1.52601847445782	62
0.0294732024871101	1.01930068982633	62
-0.0190735236970101	0.549621946077532	293
-0.0194204462082701	0.551189226731038	29
-0.0175902174126199	0.550484114851072	162
-0.01684905918208	0.549966932484854	40
0.0576498438437301	1.53302273806573	59
-0.0226179329145799	0.552416088281882	1018
0.0698826025911601	1.72912822485843	62
-0.0229578492434499	0.552861579278889	513
0.02903517183933	1.02204949492412	293
-0.01833170548507	0.550474500519343	5111
-0.0133214523362899	0.547881190959341	3966
-0.01833170548507	0.550474500519343	29
-0.0201615854936801	0.55033415003984	162
-0.02187037799917	0.552145600192979	615
-0.0133214523362899	0.547881190959341	40
-0.01867963642989	0.551199515777305	1802
0.02747041865544	1.01742344098921	59
0.0496117107915199	1.28666681446713	59
0.01809055511489	0.756301931943798	59
-0.01793915586182	0.550681864442582	1034
0.01574816170212	1.0321195333085	428
0.01624146650967	0.757911091286895	62
0.0109947834108299	0.762259539823454	806
-0.0194204462082701	0.551189226731038	62
-0.01867963642989	0.551199515777305	189
-0.0237047183471799	0.553131982412369	13
-0.0171990042076899	0.549264213163276	189
-0.0175902174126199	0.550484114851072	3966
-0.01867963642989	0.551199515777305	1418
-0.01684905918208	0.549966932484854	189
-0.0148090882885701	0.548389809404095	29
-0.0175902174126199	0.550484114851072	162
-0.01833170548507	0.550474500519343	162
0.0452568082071601	1.29291629272067	59
0.02021444911343	1.02979291111824	59
-0.01684905918208	0.549966932484854	93
-0.01406510425906	0.548397333153719	59
0.0458507673456501	1.28952690947461	59
-0.0229578492434499	0.552861579278889	1018
0.01809055511489	0.756301931943798	1491
-0.0226179329145799	0.552416088281882	29
0.0125363585454501	0.762850768189531	29
-0.10247714592743	1.2207878097138	3403
-0.0229578492434499	0.552861579278889	29
-0.01793915586182	0.550681864442582	29
-0.0194204462082701	0.551189226731038	29
-0.024451922565	0.552456091331436	29
-0.01833170548507	0.550474500519343	29
-0.01867963642989	0.551199515777305	162
0.02455569779431	1.0258187286238	59
0.02000911746325	0.755377623377746	59
-0.01684905918208	0.549966932484854	59
0.02524631072753	1.02519389960119	363
-0.01867963642989	0.551199515777305	428
0.0122216908150199	0.760819889603963	513
-0.0237047183471799	0.553131982412369	29
-0.0201615854936801	0.55033415003984	5184
0.0184076901328201	0.75723648157268	59
0.03502780297054	1.01068446567723	59
-0.0175902174126199	0.550484114851072	59
-0.0211231585375999	0.550885444723327	363
-0.12031350346936	2.23019127178127	59
0.0125363585454501	0.762850768189531	2449
0.03269391507925	1.0134708996962	103
0.00888511617360011	0.760048368610647	62
0.04776396925287	1.28665767973227	119
0.02021444911343	1.02979291111824	4874
0.01871077411124	0.755607155160683	1366
0.0125363585454501	0.762850768189531	293
-0.01793915586182	0.550681864442582	189
-0.0194204462082701	0.551189226731038	29
-0.0175902174126199	0.550484114851072	3474
-0.0229578492434499	0.552861579278889	162
-0.01833170548507	0.550474500519343	162
-0.01867963642989	0.551199515777305	615
-0.0175902174126199	0.550484114851072	615
-0.01867963642989	0.551199515777305	141
-0.0222113149496199	0.551599382638492	428
0.0333713736726899	1.01294603249708	428
-0.09917275117338	1.21478043463428	103
-0.09318576301968	1.86988625748203	103
0.06618261136913	1.52022820219497	428
0.09304143634811	2.06202529730655	672
-0.10312323187153	1.22519374103777	62
-0.10800338150474	1.22887451247308	513
0.0119175278396799	0.763411251497296	293
0.0153015173100599	0.759056625172602	189
-0.0237047183471799	0.553131982412369	13
-0.0237047183471799	0.553131982412369	29
-0.0229578492434499	0.552861579278889	3403
-0.0237047183471799	0.553131982412369	800
-0.0148090882885701	0.548389809404095	3474
-0.0226179329145799	0.552416088281882	4475
-0.0229578492434499	0.552861579278889	615
-0.0222113149496199	0.551599382638492	1065
0.00665901307583994	0.765261578783683	59
-0.01793915586182	0.550681864442582	59
-0.01867963642989	0.551199515777305	428
0.00573816335918997	0.764108055072956	428
0.0472362201849801	1.2935192893122	103
-0.01684905918208	0.549966932484854	1018
0.01599197035305	0.758811048932772	62
-0.09966574798447	1.21524025390375	62
0.0278746151668801	1.01935273753289	1366
0.0500055574307501	1.28190203127964	293
0.0143747157024601	0.757924517569841	293
-0.01684905918208	0.549966932484854	2487
0.0246244842438801	1.02281573336371	29
-0.0190906504648001	0.550321617620206	3403
-0.01684905918208	0.549966932484854	29
0.01160300652547	0.7605521945031	29
-0.0194204462082701	0.551189226731038	162
-0.0171990042076899	0.549264213163276	59
-0.09823211528759	1.21645746531654	103
0.07639401621371	1.71823894277828	103
-0.09827595935669	1.21309938183455	62
-0.01867963642989	0.551199515777305	29
-0.01684905918208	0.549966932484854	114
-0.0226179329145799	0.552416088281882	59
-0.0226179329145799	0.552416088281882	59
-0.0929481244016599	1.87963512353105	428
0.0391412931614299	1.30220065863749	62
0.0125363585454501	0.762850768189531	683
0.01778704217386	0.758349119765208	29
-0.0229578492434499	0.552861579278889	29
-0.01684905918208	0.549966932484854	223
-0.01406510425906	0.548397333153719	114
-0.01867963642989	0.551199515777305	59
0.0125363585454501	0.762850768189531	59
0.01624146650967	0.757911091286895	62
0.06988021510686	1.73309925180742	62
0.0311689020945001	1.01422881775072	62
0.0236168160365999	1.02401575236479	62
-0.01833170548507	0.550474500519343	2150
0.0165448668291399	0.759410563089855	683
-0.01867963642989	0.551199515777305	189
-0.0229578492434499	0.552861579278889	29
-0.01867963642989	0.551199515777305	426
-0.01406510425906	0.548397333153719	141
-0.0201615854936801	0.55033415003984	257
0.0063555731143099	0.763740367668568	59
0.0109947834108299	0.762259539823454	428
0.0402035555561699	1.30045684524222	62
0.01809055511489	0.756301931943798	683
-0.0226179329145799	0.552416088281882	293
0.0232101318426201	1.02609045528492	29
-0.01793915586182	0.550681864442582	3866
-0.01684905918208	0.549966932484854	3866
0.07713677337293	1.91361709552838	59
-0.0133214523362899	0.547881190959341	59
-0.0987248057791399	1.21691768744098	428
-0.10449278425116	1.22215061514527	62
0.0216707063216399	1.02799533706952	119
0.02463486746352	1.02536071648027	62
-0.0194204462082701	0.551189226731038	293
0.01592333896194	0.759438031046279	293
-0.0226179329145799	0.552416088281882	2777
-0.01793915586182	0.550681864442582	3866
0.04985339590139	1.27816601050658	428
-0.0226179329145799	0.552416088281882	428
-0.0175902174126199	0.550484114851072	428
-0.10207590161742	1.21460775066236	428
0.03082699011749	1.01653460397661	103
0.0288829634355701	1.30895489939601	428
0.0377578499106599	1.30373450525187	428
-0.01793915586182	0.550681864442582	672
0.02991361816884	1.01764457331484	62
0.0651244822426	1.51509939177742	62
0.0116143427219699	0.761700246788856	62
-0.0201615854936801	0.55033415003984	62
-0.0190906504648001	0.550321617620206	683
0.00696343909186004	0.762378238498202	513
-0.0133214523362899	0.547881190959341	294
-0.01867963642989	0.551199515777305	29
-0.01406510425906	0.548397333153719	29
-0.0148090882885701	0.548389809404095	29
-0.0229578492434499	0.552861579278889	4863
-0.09823211528759	1.21645746531654	59
-0.0211231585375999	0.550885444723327	59
-0.0161082304962099	0.548551675553127	59
0.0242285957358399	1.02643660961203	428
0.02707268742751	1.02127154106247	1018
-0.0214963461018201	1.70618922246866	62
-0.10592906114768	1.2279102410131	62
0.0141426002774301	0.759269078836586	62
-0.0645152787158401	1.50501036652416	62
0.00757966586990011	0.762502085868347	1366
0.01315489757833	0.761843472172444	513
-0.01406510425906	0.548397333153719	293
-0.10059460937561	1.21441324923634	293
-0.01867963642989	0.551199515777305	2777
-0.01867963642989	0.551199515777305	1373
-0.024451922565	0.552456091331436	29
0.0119175278396799	0.763411251497296	3403
-0.01793915586182	0.550681864442582	3609
-0.0237047183471799	0.553131982412369	1897
-0.1191165207027	2.21754449868393	59
-0.10108820242438	1.21487337713279	3405
-0.0161082304962099	0.548551675553127	672
0.02506338689152	1.02517497657364	62
0.02270061876152	1.02513228465035	1366
-0.01833170548507	0.550474500519343	513
-0.0222113149496199	0.551599382638492	1373
-0.0171990042076899	0.549264213163276	29
0.01747004335381	0.756663056048577	29
-0.01793915586182	0.550681864442582	669
-0.02767965965745	0.552564085173501	339
-0.11318794721963	1.23045744844784	59
-0.0161082304962099	0.548551675553127	59
-0.01406510425906	0.548397333153719	59
-0.09416872531231	1.88005439045446	428
-0.0222113149496199	0.551599382638492	103
0.0233138877407	1.02438215085903	3405
-0.10391222463261	1.21860517740386	181
-0.06131477237279	1.50097660790543	428
0.0428955017822199	1.29992696632699	428
0.0416358513145501	1.29729414186038	672
0.0109947834108299	0.762259539823454	62
0.03309935646667	1.01532401109268	1366
-0.01834057120307	0.550050642444883	294
0.0149972602149799	0.758302386104218	29
-0.01833170548507	0.550474500519343	29
-0.0155534047254999	0.547544421448577	29
-0.0190906504648001	0.550321617620206	162
-0.01833170548507	0.550474500519343	162
-0.024451922565	0.552456091331436	162
0.0336071167225001	1.01473130594953	59
-0.0983608064080499	1.21313306106419	59
-0.0127579032009699	1.92558551693056	59
0.0191954080632499	1.02975858040904	279
-0.01867963642989	0.551199515777305	279
0.0153229950724401	1.86074475659593	62
-0.00122943629833006	1.90517338393888	39
0.02058264240272	1.02368806209484	62
-0.01867963642989	0.551199515777305	293
-0.01867963642989	0.551199515777305	344
-0.0194204462082701	0.551189226731038	294
-0.0148090882885701	0.548389809404095	294
-0.0201615854936801	0.55033415003984	223
-0.01406510425906	0.548397333153719	141
-0.03132140748762	1.72459826076017	59
0.0119175278396799	0.763411251497296	59
-0.01793915586182	0.550681864442582	279
0.02353977425376	1.02578381594001	279
0.0138986287561	0.755202522085292	279
0.0476960433921001	1.29280531683243	181
0.0698447322123299	1.72471442855715	672
0.0290005553132999	1.01562715378828	1018
-0.10252407774994	1.21997677961473	62
0.0156067490790199	0.755067526035538	119
-0.10164663295618	1.22314642766214	62
0.0397426762206099	1.30051219598607	293
0.02353977425376	1.02578381594001	293
-0.0175902174126199	0.550484114851072	29
-0.01833170548507	0.550474500519343	223
-0.01833170548507	0.550474500519343	2818
-0.01684905918208	0.549966932484854	24
-0.0226179329145799	0.552416088281882	114
-0.0229578492434499	0.552861579278889	316
0.0598874637516	1.52676832781267	59
-0.0225269479066399	1.70096596043092	59
0.0165448668291399	0.759410563089855	279
0.00354150360094008	0.762464082059043	3405
0.0382191407103301	1.30367963989812	428
-0.0229578492434499	0.552861579278889	162
-0.0175902174126199	0.550484114851072	114
-0.01833170548507	0.550474500519343	1066
-0.11576193008547	1.23411606584823	1354
-0.05711723943262	1.49666352178463	428
-0.10788892252382	1.22439612900946	103
0.04348018787107	1.29697472334135	1018
0.0237194574611801	1.02647944378184	62
-0.0194204462082701	0.551189226731038	62
-0.0175902174126199	0.550484114851072	294
0.0165448668291399	0.759410563089855	29
-0.02187037799917	0.552145600192979	29
0.01599197035305	0.758811048932772	29
-0.01867963642989	0.551199515777305	223
-0.02187037799917	0.552145600192979	4480
-0.02187037799917	0.552145600192979	1059
0.0788731407574299	2.09203864428607	59
-0.11612265291156	1.2362107510831	279
-0.0755974194082001	2.09480493910183	103
-0.0229578492434499	0.552861579278889	103
-0.01867963642989	0.551199515777305	672
-0.10785973143617	1.22931032174041	62
-0.0194204462082701	0.551189226731038	3830
-0.02187037799917	0.552145600192979	294
-0.0190906504648001	0.550321617620206	294
0.01284008349584	0.760648448535067	294
-0.01867963642989	0.551199515777305	1378
-0.01833170548507	0.550474500519343	29
0.01592333896194	0.759438031046279	29
-0.02187037799917	0.552145600192979	29
-0.01684905918208	0.549966932484854	29
-0.01867963642989	0.551199515777305	257
0.0146935142681699	0.757172984624529	59
0.02000911746325	0.755377623377746	279
-0.0970729691603101	1.8828770524584	279
0.0620889010339001	1.52916660101846	428
-0.01867963642989	0.551199515777305	428
-0.0201615854936801	0.55033415003984	62
-0.10981854405075	1.23193117012239	62
0.0119175278396799	0.763411251497296	119
-0.0175902174126199	0.550484114851072	62
-0.02801043708842	0.553669292297474	2149
-0.0201615854936801	0.55033415003984	162
-0.01406510425906	0.548397333153719	1126
-0.0194204462082701	0.551189226731038	615
0.01284008349584	0.760648448535067	59
0.0165448668291399	0.759410563089855	103
0.0921737028849401	1.87645661440455	428
-0.0133214523362899	0.547881190959341	98
0.0125363585454501	0.762850768189531	672
-0.11026941318888	1.23233302189592	39
0.0165448668291399	0.759410563089855	39
0.0257548876813101	1.02394917609879	62
-0.0201615854936801	0.55033415003984	344
-0.02187037799917	0.552145600192979	29
-0.0190735236970101	0.549621946077532	29
-0.0269256257472901	0.552956033505307	29
-0.024451922565	0.552456091331436	223
0.0345206198815899	1.011622420862	59
-0.10543564029091	1.22723185964552	59
0.0203718225073899	0.752920228831872	59
-0.01793915586182	0.550681864442582	98
-0.0175908297052101	0.54879582421027	98
0.0109947834108299	0.762259539823454	62
0.0168492385878301	0.756691810281742	62
-0.01684905918208	0.549966932484854	62
-0.0190735236970101	0.549621946077532	62
0.01164779509617	0.760199741312899	513
-0.0171990042076899	0.549264213163276	4780
-0.01684905918208	0.549966932484854	189
-0.01867963642989	0.551199515777305	344
-0.01834057120307	0.550050642444883	344
-0.01867963642989	0.551199515777305	294
-0.0261719333284201	0.551946229427137	29
-0.01867963642989	0.551199515777305	29
-0.01793915586182	0.550681864442582	223
-0.01793915586182	0.550681864442582	171
-0.0171990042076899	0.549264213163276	316
-0.0269256257472901	0.552956033505307	1340
-0.10247714592743	1.2207878097138	924
0.0122336098195099	0.760696390018375	279
-0.0226179329145799	0.552416088281882	62
-0.0175902174126199	0.550484114851072	39
-0.0222113149496199	0.551599382638492	62
0.05237447232073	1.27607805995035	62
-0.01833170548507	0.550474500519343	62
0.01561951040345	0.758273432029444	230
-0.01406510425906	0.548397333153719	294
-0.0175902174126199	0.550484114851072	703
0.00757966586990011	0.762502085868347	1254
-0.02187037799917	0.552145600192979	703
-0.01793915586182	0.550681864442582	29
0.02186403423846	0.753221450651074	326
0.02360865444033	1.02455937999603	162
-0.0211231585375999	0.550885444723327	1059
0.0119175278396799	0.763411251497296	171
-0.01793915586182	0.550681864442582	913
-0.0201615854936801	0.55033415003984	2764
-0.0211231585375999	0.550885444723327	301
0.0116143427219699	0.761700246788856	93
-0.09823211528759	1.21645746531654	59
0.0119175278396799	0.763411251497296	428
0.0103749316466599	0.762431636633961	428
0.0206277143186899	0.755017748186865	428
-0.11031163766987	1.23239484815829	98
-0.01867963642989	0.551199515777305	62
-0.0222113149496199	0.551599382638492	39
-0.0226179329145799	0.552416088281882	62
0.0168631287751999	0.757214073923297	62
-0.0194204462082701	0.551189226731038	62
-0.1136979167657	1.23432680655132	344
0.03031790937288	1.01748007495024	294
0.0297047818562199	1.01423597897555	3865
0.040096319151	1.30253497771757	29
0.02565217044963	1.02488978075624	703
0.0288944917640499	1.0191869890738	703
0.00108688070366991	0.764731344103769	703
-0.0161082304962099	0.548551675553127	162
-0.0148090882885701	0.548389809404095	171
0.0125363585454501	0.762850768189531	257
0.01592333896194	0.759438031046279	316
-0.01867963642989	0.551199515777305	316
-0.0237047183471799	0.553131982412369	707
-0.01793915586182	0.550681864442582	1146
-0.0233936745368599	0.550862796636914	1146
0.0203161481024601	0.754741636107711	924
0.0168631287751999	0.757214073923297	924
0.0207236956449399	1.02914632111417	103
-0.0133214523362899	0.547881190959341	103
0.0289651897913901	1.01934512892471	428
-0.0194204462082701	0.551189226731038	62
-0.0175902174126199	0.550484114851072	62
-0.0178900085576299	1.69205121257502	62
-0.01867963642989	0.551199515777305	230
-0.0161082304962099	0.548551675553127	2149
-0.0201615854936801	0.55033415003984	1261
-0.0962630565357501	1.21017048651296	162
-0.0226179329145799	0.552416088281882	15
-0.0171990042076899	0.549264213163276	316
-0.01793915586182	0.550681864442582	4025
0.0937825127067	1.87506432558199	93
0.02124601983105	0.754324576611081	103
0.04493014781966	1.29326860596272	181
-0.0233658235888801	0.551742344860982	98
-0.10010417630512	1.89338818984453	62
0.0149972602149799	0.758302386104218	62
0.0288944917640499	1.0191869890738	62
-0.01684905918208	0.549966932484854	513
-0.0194204462082701	0.551189226731038	2149
-0.0175902174126199	0.550484114851072	2149
0.0168492385878301	0.756691810281742	2149
-0.0269256257472901	0.552956033505307	189
0.0165448668291399	0.759410563089855	344
-0.01793915586182	0.550681864442582	29
-0.01406510425906	0.548397333153719	29
-0.01684905918208	0.549966932484854	703
-0.01867963642989	0.551199515777305	223
-0.0194204462082701	0.551189226731038	257
0.02998103343741	1.01887443311445	103
-0.10727945592935	2.43646492737949	103
-0.02370455438621	1.71227909719136	98
0.0165448668291399	0.759410563089855	62
0.0119175278396799	0.763411251497296	3630
0.04545933860112	1.28920368156629	4356
0.01537580367915	0.759367033073816	29
0.01809055511489	0.756301931943798	703
-0.024451922565	0.552456091331436	703
-0.0148090882885701	0.548389809404095	29
-0.0161082304962099	0.548551675553127	396
-0.0133214523362899	0.547881190959341	257
-0.0237047183471799	0.553131982412369	316
-0.10701915471612	1.22947620869318	59
0.01809055511489	0.756301931943798	428
-0.0645152787158401	1.50501036652416	103
-0.11170628431902	1.2305877832889	98
-0.0229578492434499	0.552861579278889	62
0.02021444911343	1.02979291111824	62
-0.01793915586182	0.550681864442582	62
-0.10592906114768	1.2279102410131	230
0.0428955017822199	1.29992696632699	513
-0.01867963642989	0.551199515777305	344
0.02000911746325	0.755377623377746	29
-0.01867963642989	0.551199515777305	29
-0.0194204462082701	0.551189226731038	703
-0.0175902174126199	0.550484114851072	703
-0.0194204462082701	0.551189226731038	703
-0.0148090882885701	0.548389809404095	29
-0.01867963642989	0.551199515777305	29
-0.0222113149496199	0.551599382638492	162
-0.0222113149496199	0.551599382638492	15
-0.01793915586182	0.550681864442582	1126
-0.01833170548507	0.550474500519343	86
-0.01833170548507	0.550474500519343	86
-0.0377806430832399	2.23428551243433	93
-0.01684905918208	0.549966932484854	59
-0.00715556236836989	1.66705720689384	59
0.06861157858073	1.51373002161235	98
0.0134581848063	0.760090988436568	62
0.0251436124525	1.02531786052478	39
-0.10059460937561	1.21441324923634	39
0.03590546257276	1.00740686939627	62
0.00665901307583994	0.765261578783683	119
0.0116143427219699	0.761700246788856	62
-0.01833170548507	0.550474500519343	344
-0.024451922565	0.552456091331436	294
0.01624146650967	0.757911091286895	29
-0.01833170548507	0.550474500519343	29
-0.01684905918208	0.549966932484854	29
-0.01867963642989	0.551199515777305	443
-0.0190735236970101	0.549621946077532	223
0.0424354118600201	1.30043713866041	59
0.000471667911329909	0.764803139063607	279
-0.11026941318888	1.23233302189592	103
0.10276414307064	2.02929300500448	181
0.06861157858073	1.51373002161235	62
0.0407362970071801	1.29488235634814	62
0.04064640147934	1.29793301700999	513
0.00573816335918997	0.764108055072956	558
-0.01684905918208	0.549966932484854	625
-0.01684905918208	0.549966932484854	703
-0.10301831845796	1.21963101835411	703
-0.01833170548507	0.550474500519343	326
-0.01684905918208	0.549966932484854	401
-0.0190735236970101	0.549621946077532	4025
0.01778704217386	0.758349119765208	181
0.0206526612642	1.02885544987071	428
-0.0169276302305501	1.69413755057846	98
-0.0201615854936801	0.55033415003984	230
0.0116143427219699	0.761700246788856	62
0.00727568676764001	0.764893675986884	2149
-0.01833170548507	0.550474500519343	344
-0.02187037799917	0.552145600192979	29
-0.01684905918208	0.549966932484854	703
-0.0237047183471799	0.553131982412369	326
-0.0175902174126199	0.550484114851072	5170
0.0588520446973899	1.53083089578695	2096
0.02178473135544	1.02309212761485	2096
-0.0269256257472901	0.552956033505307	59
0.00390684065892	1.90036374430281	59
0.0197771674846401	1.02711534911104	1146
0.0148437775215899	1.86863593070309	1146
0.01624146650967	0.757911091286895	924
-0.01406510425906	0.548397333153719	181
0.01778704217386	0.758349119765208	98
-0.05707685977716	1.49234590023668	4796
0.02747041865544	1.01742344098921	513
0.0192676060575401	1.02775995909835	189
0.0459205504795499	1.28946525618854	189
0.0285270272181699	1.02247697237609	294
-0.0175902174126199	0.550484114851072	29
-0.0175902174126199	0.550484114851072	29
-0.01867963642989	0.551199515777305	29
-0.0133214523362899	0.547881190959341	29
-0.0175902174126199	0.550484114851072	326
-0.02801043708842	0.553669292297474	326
-0.07459769051345	1.50874085820172	162
-0.02187037799917	0.552145600192979	162
-0.01867963642989	0.551199515777305	162
-0.0161082304962099	0.548551675553127	815
-0.01833170548507	0.550474500519343	707
0.02269121002064	2.0680719968271	59
0.0122216908150199	0.760819889603963	2157
-0.10346572361335	1.2213228672274	103
0.02776969530656	1.01669969792961	62
-0.10440690392657	1.21867970862193	62
0.01072792411642	0.760860178991134	4356
-0.0190735236970101	0.549621946077532	1593
0.0165448668291399	0.759410563089855	1440
-0.0161082304962099	0.548551675553127	141
-0.0171990042076899	0.549264213163276	1149
-0.01833170548507	0.550474500519343	815
0.0153015173100599	0.759056625172602	815
-0.0201615854936801	0.55033415003984	171
0.01160300652547	0.7605521945031	171
-0.01867963642989	0.551199515777305	171
-0.0175902174126199	0.550484114851072	622
0.00702679084953006	0.76051566164915	103
0.05450300965268	1.5393815103666	428
0.02903517183933	1.02204949492412	62
-0.0571669442396301	1.49378567678841	4356
0.0221095836482501	1.02454835787204	344
0.0193902290263399	0.755405479634455	294
-0.0233658235888801	0.551742344860982	29
0.01568262168429	0.758873820806681	3835
-0.0237047183471799	0.553131982412369	3835
-0.01867963642989	0.551199515777305	703
-0.01793915586182	0.550681864442582	29
-0.01684905918208	0.549966932484854	29
0.0103749316466599	0.762431636633961	86
-0.01833170548507	0.550474500519343	171
0.02455185524737	2.06342475567546	103
0.0192676060575401	1.02775995909835	181
0.0119175278396799	0.763411251497296	98
-0.10547917991948	1.22307298425221	98
0.02021444911343	1.02979291111824	39
0.01072792411642	0.760860178991134	592
0.04441014554843	1.28729033888806	3277
-0.0148090882885701	0.548389809404095	294
-0.0198410677985901	0.54965404061661	29
-0.0237047183471799	0.553131982412369	29
0.01561951040345	0.758273432029444	86
-0.0190906504648001	0.550321617620206	86
-0.01793915586182	0.550681864442582	2033
0.0106789904542199	0.763311198004635	604
-0.0175902174126199	0.550484114851072	59
-0.0470333643615299	1.47227104335146	924
0.0382191407103301	1.30367963989812	103
-0.0595090114547201	1.49449414108006	181
-0.0255376006927801	1.71670685493381	98
0.0116143427219699	0.761700246788856	62
-0.01684905918208	0.549966932484854	294
0.02903517183933	1.02204949492412	29
0.0168492385878301	0.756691810281742	703
-0.02187037799917	0.552145600192979	326
-0.0237047183471799	0.553131982412369	396
-0.0226179329145799	0.552416088281882	3062
-0.0572219961974101	1.4963282825965	780
-0.10932562119465	1.23097820784758	59
-0.02818517413481	1.72033047061447	428
0.0321857641482	1.01406258130427	181
0.0122216908150199	0.760819889603963	98
0.0261605415731001	1.02407684478155	62
0.02280435656283	1.0244268012757	62
-0.0237047183471799	0.553131982412369	39
-0.0148090882885701	0.548389809404095	3277
-0.01833170548507	0.550474500519343	344
0.0165448668291399	0.759410563089855	344
-0.0237047183471799	0.553131982412369	703
-0.11269388829788	1.23102729798033	703
0.0165448668291399	0.759410563089855	468
-0.0190906504648001	0.550321617620206	3750
-0.01684905918208	0.549966932484854	162
0.01561951040345	0.758273432029444	1440
-0.0229578492434499	0.552861579278889	1440
0.01129840522229	0.763582575492988	396
-0.01867963642989	0.551199515777305	257
-0.01867963642989	0.551199515777305	120
0.0321857641482	1.01406258130427	450
0.0106789904542199	0.763311198004635	62
-0.01684905918208	0.549966932484854	39
-0.10355873467993	1.20920331690883	62
-0.0229578492434499	0.552861579278889	230
-0.0175902174126199	0.550484114851072	344
0.01592333896194	0.759438031046279	703
0.01809055511489	0.756301931943798	703
-0.01833170548507	0.550474500519343	3750
0.01315489757833	0.761843472172444	3750
-0.01833170548507	0.550474500519343	5168
-0.0171990042076899	0.549264213163276	141
-0.0194204462082701	0.551189226731038	4624
0.0119175278396799	0.763411251497296	4624
-0.0229578492434499	0.552861579278889	257
-0.0226179329145799	0.552416088281882	59
0.0643421119290599	1.7391773020985	59
-0.05325595070186	2.04549288183253	924
-0.02187037799917	0.552145600192979	62
0.02565217044963	1.02488978075624	62
0.02463486746352	1.02536071648027	39
0.0078920702023999	0.764028740507937	344
-0.01867963642989	0.551199515777305	344
0.01814378033465	0.755238894355467	344
-0.0190735236970101	0.549621946077532	29
-0.01867963642989	0.551199515777305	1440
-0.0155534047254999	0.547544421448577	141
0.0447622810685899	2.38644224407374	59
0.08665067203003	1.68533059927701	103
0.0109947834108299	0.762259539823454	98
0.0510590073697501	1.28464130238058	98
0.0363398904893999	1.30589868050483	98
0.0233138877407	1.02438215085903	592
-0.01406510425906	0.548397333153719	62
0.0261605415731001	1.02407684478155	62
0.0321857641482	1.01406258130427	3277
-0.0190906504648001	0.550321617620206	230
-0.09827595935669	1.21309938183455	344
0.0275813275115999	1.02122707870778	193
-0.0148090882885701	0.548389809404095	344
-0.01793915586182	0.550681864442582	344
-0.01833170548507	0.550474500519343	1846
0.00665901307583994	0.765261578783683	1846
-0.0237047183471799	0.553131982412369	29
-0.01684905918208	0.549966932484854	4226
0.02000911746325	0.755377623377746	4226
-0.01684905918208	0.549966932484854	3750
-0.0148090882885701	0.548389809404095	1440
-0.0237047183471799	0.553131982412369	15
-0.0194204462082701	0.551189226731038	86
-0.01793915586182	0.550681864442582	86
-0.0229578492434499	0.552861579278889	2503
-0.0229578492434499	0.552861579278889	171
-0.0171990042076899	0.549264213163276	171
-0.09483713226848	1.88602350003481	151
0.00990123480505001	0.755949678981402	924
0.0525065516623999	1.27887788543671	103
0.0122216908150199	0.760819889603963	103
0.0332018794371001	1.01253088606112	181
-0.10642265297753	1.22815760993745	98
0.02524631072753	1.02519389960119	62
0.01592333896194	0.759438031046279	592
-0.0269256257472901	0.552956033505307	211
-0.0175902174126199	0.550484114851072	3980
0.01592333896194	0.759438031046279	62
-0.0237047183471799	0.553131982412369	70
0.0119175278396799	0.763411251497296	70
-0.01867963642989	0.551199515777305	3254
0.0487502965931399	1.28411753997347	29
-0.0175902174126199	0.550484114851072	29
-0.0201615854936801	0.55033415003984	703
0.02093431032988	0.754713979888223	468
-0.0161082304962099	0.548551675553127	4226
-0.01684905918208	0.549966932484854	4226
-0.01867963642989	0.551199515777305	1440
-0.0194204462082701	0.551189226731038	120
-0.0161082304962099	0.548551675553127	59
-0.01867963642989	0.551199515777305	59
0.0119175278396799	0.763411251497296	428
0.0401194567793901	1.29580787557619	450
0.02124601983105	0.754324576611081	181
0.0734301944821501	1.72632976106572	62
-0.02801043708842	0.553669292297474	62
-0.0233658235888801	0.551742344860982	62
-0.01834057120307	0.550050642444883	344
0.0132591468796599	1.03142416459766	344
-0.01867963642989	0.551199515777305	1846
-0.0229578492434499	0.552861579278889	1593
-0.01867963642989	0.551199515777305	1732
-0.01406510425906	0.548397333153719	703
0.0171661011528299	0.75904802450482	703
-0.01834057120307	0.550050642444883	158
-0.01793915586182	0.550681864442582	326
-0.01406510425906	0.548397333153719	326
-0.0222113149496199	0.551599382638492	2503
0.0125363585454501	0.762850768189531	1028
0.00697269206835993	0.76287814744911	428
-0.01684905918208	0.549966932484854	450
0.0300509157420601	1.01999767164241	103
0.0778067668584801	1.91566146390557	62
0.0181209375042599	1.02615822290359	62
-0.11365820616302	1.23227979707465	62
-0.02187037799917	0.552145600192979	344
0.0169137793345999	0.758148594472621	344
-0.0175902174126199	0.550484114851072	344
-0.0194204462082701	0.551189226731038	703
0.0153015173100599	0.759056625172602	468
-0.01684905918208	0.549966932484854	1699
-0.0237047183471799	0.553131982412369	120
0.01129840522229	0.763582575492988	2057
0.01537580367915	0.759367033073816	4113
-0.0194204462082701	0.551189226731038	93
-0.10838136322609	1.22588445766798	1146
-0.01834057120307	0.550050642444883	1146
-0.0175902174126199	0.550484114851072	1146
-0.0175902174126199	0.550484114851072	967
-0.01257813221999	0.546472227688933	98
-0.0222113149496199	0.551599382638492	98
-0.0190735236970101	0.549621946077532	62
-0.02725743812157	0.552658014762978	211
-0.0175902174126199	0.550484114851072	62
-0.01833170548507	0.550474500519343	344
0.0171661011528299	0.75904802450482	344
-0.0175902174126199	0.550484114851072	468
-0.024451922565	0.552456091331436	326
0.01592333896194	0.759438031046279	345
-0.0171990042076899	0.549264213163276	3905
-0.0175902174126199	0.550484114851072	604
-0.0211231585375999	0.550885444723327	59
0.01871077411124	0.755607155160683	1375
0.0666081821661899	1.51923868637382	967
-0.0226179329145799	0.552416088281882	181
-0.0175902174126199	0.550484114851072	1575
-0.0161082304962099	0.548551675553127	62
-0.01793915586182	0.550681864442582	344
-0.01833170548507	0.550474500519343	344
-0.01793915586182	0.550681864442582	70
-0.05912894514122	1.49575014734363	29
-0.01833170548507	0.550474500519343	1699
-0.0237047183471799	0.553131982412369	15
-0.0226179329145799	0.552416088281882	2366
-0.0222113149496199	0.551599382638492	553
-0.0237047183471799	0.553131982412369	604
-0.0222113149496199	0.551599382638492	780
-0.0133214523362899	0.547881190959341	151
0.0125363585454501	0.762850768189531	924
-0.0171990042076899	0.549264213163276	103
-0.01833170548507	0.550474500519343	181
-0.0133214523362899	0.547881190959341	98
0.0020050876903599	0.765882049063241	39
-0.0175902174126199	0.550484114851072	230
-0.01684905918208	0.549966932484854	344
0.0260727544639401	1.02125353041721	29
-0.0161082304962099	0.548551675553127	244
-0.0226179329145799	0.552416088281882	29
-0.01867963642989	0.551199515777305	703
-0.1010423828626	1.21859186024894	326
0.01824793465501	1.0277298638871	326
-0.0229578492434499	0.552861579278889	15
-0.0211231585375999	0.550885444723327	553
-0.0229578492434499	0.552861579278889	120
-0.0233936745368599	0.550862796636914	120
-0.01684905918208	0.549966932484854	301
0.0293938861026599	1.01608282740075	780
-0.0171990042076899	0.549264213163276	1028
-0.0269256257472901	0.552956033505307	428
-0.0175902174126199	0.550484114851072	428
-0.0510850857776901	1.47414030582695	924
0.0116143427219699	0.761700246788856	924
0.0451923003681001	1.28967291558604	428
-0.0161082304962099	0.548551675553127	428
0.0162983452085099	0.758703814770182	428
0.0324900252468201	1.01188588552225	344
-0.02187037799917	0.552145600192979	344
0.0109947834108299	0.762259539823454	344
-0.0562227532845401	1.48640346074342	344
-0.01684905918208	0.549966932484854	244
-0.01867963642989	0.551199515777305	703
-0.01867963642989	0.551199515777305	3684
-0.0229578492434499	0.552861579278889	107
-0.024451922565	0.552456091331436	553
-0.01867963642989	0.551199515777305	170
-0.01833170548507	0.550474500519343	170
-0.0194204462082701	0.551189226731038	924
-0.01257813221999	0.546472227688933	428
-0.0175902174126199	0.550484114851072	2983
-0.0222113149496199	0.551599382638492	967
-0.01867963642989	0.551199515777305	98
-0.0171990042076899	0.549264213163276	39
-0.0133214523362899	0.547881190959341	592
-0.0226179329145799	0.552416088281882	1749
-0.02725743812157	0.552658014762978	2559
-0.01793915586182	0.550681864442582	2559
-0.0211231585375999	0.550885444723327	344
0.0109947834108299	0.762259539823454	344
0.0424915514115001	1.2976125363267	703
-0.0175902174126199	0.550484114851072	2665
-0.10357313583767	1.22324310256577	326
0.01624146650967	0.757911091286895	107
0.0119175278396799	0.763411251497296	107
-0.02187037799917	0.552145600192979	553
-0.02767965965745	0.552564085173501	604
-0.10637803097768	1.22858701604816	604
-0.0222113149496199	0.551599382638492	2508
-0.01793915586182	0.550681864442582	1028
-0.11071936481132	1.22814342652572	93
-0.0171990042076899	0.549264213163276	450
-0.01867963642989	0.551199515777305	924
-0.01257813221999	0.546472227688933	967
-0.01867963642989	0.551199515777305	2647
-0.0229578492434499	0.552861579278889	592
-0.0222113149496199	0.551599382638492	211
-0.01793915586182	0.550681864442582	62
-0.02876377688911	0.553275796031429	1324
-0.02725743812157	0.552658014762978	1610
0.0221697618930301	0.75366238476359	344
-0.10153611005457	1.21944218778049	344
0.0134581848063	0.760090988436568	468
-0.0194204462082701	0.551189226731038	468
0.0168492385878301	0.756691810281742	326
-0.01867963642989	0.551199515777305	107
0.0199503347691601	0.75250704046807	107
-0.0226179329145799	0.552416088281882	833
-0.0201615854936801	0.55033415003984	1756
-0.01867963642989	0.551199515777305	191
-0.0222113149496199	0.551599382638492	573
0.0116143427219699	0.761700246788856	924
-0.01471756274414	1.69555398158594	967
0.05922931002955	1.52849990154391	181
-0.01793915586182	0.550681864442582	98
-0.0226179329145799	0.552416088281882	1749
-0.01867963642989	0.551199515777305	1749
-0.0237047183471799	0.553131982412369	211
-0.01684905918208	0.549966932484854	62
-0.01793915586182	0.550681864442582	62
-0.01867963642989	0.551199515777305	230
0.0168631287751999	0.757214073923297	344
-0.0194204462082701	0.551189226731038	326
-0.01793915586182	0.550681864442582	326
-0.01833170548507	0.550474500519343	326
-0.01867963642989	0.551199515777305	326
0.01512102378767	0.754962190486718	326
0.0279806519479	1.01716417707732	326
-0.01793915586182	0.550681864442582	2329
-0.0237047183471799	0.553131982412369	553
0.0122336098195099	0.760696390018375	573
0.0633254165746	1.52488161616096	924
0.0657569193357901	1.52080102346302	428
0.01809055511489	0.756301931943798	181
-0.11661605493216	1.23506013043666	98
0.02186403423846	0.753221450651074	62
-0.01833170548507	0.550474500519343	62
-0.0229578492434499	0.552861579278889	5050
-0.0237047183471799	0.553131982412369	230
0.0143747157024601	0.757924517569841	1324
-0.01684905918208	0.549966932484854	230
-0.01867963642989	0.551199515777305	1610
-0.01793915586182	0.550681864442582	230
-0.02767965965745	0.552564085173501	3069
-0.01867963642989	0.551199515777305	70
-0.0330973152037799	0.553408349636547	70
-0.0161082304962099	0.548551675553127	244
-0.01833170548507	0.550474500519343	703
0.0149972602149799	0.758302386104218	703
-0.0148090882885701	0.548389809404095	326
-0.01684905918208	0.549966932484854	464
-0.0222113149496199	0.551599382638492	2848
-0.01643503693708	1.70111287372788	428
0.01164779509617	0.760199741312899	3969
-0.02725743812157	0.552658014762978	98
-0.10168812918519	1.22101536929869	62
-0.01867963642989	0.551199515777305	5050
-0.02725743812157	0.552658014762978	62
-0.0201615854936801	0.55033415003984	62
0.0162983452085099	0.758703814770182	344
-0.01406510425906	0.548397333153719	344
-0.0175902174126199	0.550484114851072	2486
-0.0201615854936801	0.55033415003984	703
0.0215521815141499	0.754354654287299	703
-0.0211231585375999	0.550885444723327	107
-0.0229578492434499	0.552861579278889	553
0.0781528047559701	1.71323433220884	780
-0.1010423828626	1.21859186024894	93
0.0119175278396799	0.763411251497296	93
0.0119175278396799	0.763411251497296	93
-0.02876377688911	0.553275796031429	1889
-0.0171990042076899	0.549264213163276	428
0.07935320163872	1.90830284678855	924
0.0811092579544701	1.70814214914372	62
0.00682460190637002	1.89109840004201	62
-0.01867963642989	0.551199515777305	2647
-0.02767965965745	0.552564085173501	62
-0.0175902174126199	0.550484114851072	39
-0.01867963642989	0.551199515777305	344
0.00975478718977008	0.762163263594681	344
0.0134581848063	0.760090988436568	344
0.06289905749935	1.52460146342394	3069
-0.01833170548507	0.550474500519343	1365
-0.0261719333284201	0.551946229427137	244
-0.01867963642989	0.551199515777305	703
0.01129840522229	0.763582575492988	326
-0.0229578492434499	0.552861579278889	326
-0.0237047183471799	0.553131982412369	107
-0.01833170548507	0.550474500519343	464
-0.02187037799917	0.552145600192979	2848
0.0165448668291399	0.759410563089855	286
-0.0237047183471799	0.553131982412369	107
-0.0269256257472901	0.552956033505307	553
-0.0229578492434499	0.552861579278889	566
-0.01793915586182	0.550681864442582	93
-0.10010417630512	1.89338818984453	151
-0.01793915586182	0.550681864442582	573
-0.02876377688911	0.553275796031429	428
0.02524631072753	1.02519389960119	98
0.0103749316466599	0.762431636633961	98
-0.01684905918208	0.549966932484854	428
-0.0194204462082701	0.551189226731038	39
-0.0190906504648001	0.550321617620206	1454
-0.0201615854936801	0.55033415003984	62
-0.024451922565	0.552456091331436	39
0.01561951040345	0.758273432029444	1341
0.0594328238992099	1.53207334462706	344
-0.01793915586182	0.550681864442582	1610
-0.01833170548507	0.550474500519343	244
-0.01833170548507	0.550474500519343	703
-0.0198410677985901	0.54965404061661	5473
-0.01867963642989	0.551199515777305	2828
-0.01684905918208	0.549966932484854	107
-0.05172079176995	1.48041171569225	1756
-0.01684905918208	0.549966932484854	1829
-0.02801043708842	0.553669292297474	604
-0.0974191784753999	1.21225322976993	1612
-0.01833170548507	0.550474500519343	573
-0.0222113149496199	0.551599382638492	1889
-0.02187037799917	0.552145600192979	1889
-0.11026941318888	1.23233302189592	924
-0.02801043708842	0.553669292297474	103
-0.0211231585375999	0.550885444723327	886
-0.0161082304962099	0.548551675553127	98
-0.0194204462082701	0.551189226731038	62
-0.01793915586182	0.550681864442582	39
-0.0658663638127199	1.50613089996532	344
-0.0602661914972	2.06787503192656	344
0.00727568676764001	0.764893675986884	344
-0.0175902174126199	0.550484114851072	230
0.00354150360094008	0.762464082059043	344
0.00573816335918997	0.764108055072956	344
0.0242285957358399	1.02643660961203	344
0.0649051713309901	1.52067796397039	2224
0.01475934706613	0.759537398828412	703
0.0103749316466599	0.762431636633961	703
0.0100592832961599	0.762134537788091	2828
-0.0190906504648001	0.550321617620206	286
-0.0194204462082701	0.551189226731038	3897
0.0302140347342099	1.01432592508702	59
-0.0229578492434499	0.552861579278889	59
0.0784083559061299	1.91581115850314	1659
-0.02187037799917	0.552145600192979	697
-0.01793915586182	0.550681864442582	697
-0.05623192510154	1.48892912429803	428
-0.0222113149496199	0.551599382638492	924
-0.01257813221999	0.546472227688933	428
-0.0171990042076899	0.549264213163276	62
0.01809055511489	0.756301931943798	39
-0.0194204462082701	0.551189226731038	39
-0.01793915586182	0.550681864442582	62
-0.0161082304962099	0.548551675553127	62
-0.01684905918208	0.549966932484854	62
0.03259140975132	1.01558119518689	344
0.00727568676764001	0.764893675986884	344
-0.0211231585375999	0.550885444723327	326
-0.0237047183471799	0.553131982412369	326
-0.0533399106936801	1.48255013748978	326
-0.01833170548507	0.550474500519343	2828
-0.01684905918208	0.549966932484854	1756
0.0341146906365399	1.01378875669284	93
-0.10444931108858	1.22446009381306	428
-0.01793915586182	0.550681864442582	181
0.01599197035305	0.758811048932772	428
-0.01406510425906	0.548397333153719	39
0.01284008349584	0.760648448535067	230
-0.10410848308442	1.22426867807859	230
0.0221697618930301	0.75366238476359	344
-0.0175902174126199	0.550484114851072	244
0.01778704217386	0.758349119765208	29
-0.01793915586182	0.550681864442582	3752
-0.01833170548507	0.550474500519343	3752
-0.0229578492434499	0.552861579278889	703
-0.01684905918208	0.549966932484854	326
-0.02767965965745	0.552564085173501	2828
-0.01684905918208	0.549966932484854	4787
-0.01867963642989	0.551199515777305	4060
0.0613160962157	1.52501893974583	93
0.0293938861026599	1.01608282740075	428
0.0171661011528299	0.75904802450482	1867
0.01809055511489	0.756301931943798	39
0.0137731451768	0.759912067951593	39
0.0184076901328201	0.75723648157268	39
0.01561951040345	0.758273432029444	62
0.01160300652547	0.7605521945031	62
-0.0194204462082701	0.551189226731038	70
-0.01684905918208	0.549966932484854	70
-0.01793915586182	0.550681864442582	70
0.01624146650967	0.757911091286895	703
-0.0226179329145799	0.552416088281882	468
-0.01793915586182	0.550681864442582	326
-0.02187037799917	0.552145600192979	326
-0.0211231585375999	0.550885444723327	4060
0.03436044868831	2.23163136840696	780
0.05900769199665	1.53365505708174	1612
-0.11576193008547	1.23411606584823	59
-0.10361577221664	1.22499033602154	1867
0.00573816335918997	0.764108055072956	428
-0.11121273905736	1.22963742746941	62
0.01871077411124	0.755607155160683	39
0.01748449744128	0.756105395003867	39
-0.01793915586182	0.550681864442582	62
-0.01684905918208	0.549966932484854	62
-0.0226179329145799	0.552416088281882	62
0.01592333896194	0.759438031046279	4194
-0.0233658235888801	0.551742344860982	230
-0.01684905918208	0.549966932484854	344
0.01129840522229	0.763582575492988	3069
-0.01406510425906	0.548397333153719	1841
-0.10252407774994	1.21997677961473	326
0.0302140347342099	1.01432592508702	326
-0.0201615854936801	0.55033415003984	3765
-0.02187037799917	0.552145600192979	566
-0.01684905918208	0.549966932484854	886
-0.02166274424929	1.70815339198442	181
0.0171661011528299	0.75904802450482	62
0.0063555731143099	0.763740367668568	39
-0.01867963642989	0.551199515777305	4194
0.0168492385878301	0.756691810281742	344
-0.0229578492434499	0.552861579278889	344
-0.0194204462082701	0.551189226731038	344
-0.0161082304962099	0.548551675553127	344
0.0237194574611801	1.02647944378184	326
-0.01793915586182	0.550681864442582	326
-0.02725743812157	0.552658014762978	2021
-0.0175902174126199	0.550484114851072	107
-0.0155534047254999	0.547544421448577	566
-0.0590255910639299	1.49849551793033	573
0.02382323145975	1.02395408994369	428
0.02000911746325	0.755377623377746	1954
0.0184076901328201	0.75723648157268	2589
0.00819560269860009	0.762135663950305	62
0.0119175278396799	0.763411251497296	344
-0.024451922565	0.552456091331436	230
-0.0190735236970101	0.549621946077532	4333
-0.0175902174126199	0.550484114851072	295
-0.01867963642989	0.551199515777305	468
-0.01793915586182	0.550681864442582	326
-0.02801043708842	0.553669292297474	326
-0.0194204462082701	0.551189226731038	5107
-0.02187037799917	0.552145600192979	1966
-0.01793915586182	0.550681864442582	1451
-0.10346572361335	1.2213228672274	573
-0.0229578492434499	0.552861579278889	573
0.0311689020945001	1.01422881775072	428
0.0247375467851501	1.02600797208634	428
0.0210348971130701	1.0250113821374	62
-0.01793915586182	0.550681864442582	344
0.0444696241570699	1.29440374004793	344
-0.0229578492434499	0.552861579278889	1365
-0.01867963642989	0.551199515777305	326
-0.01793915586182	0.550681864442582	96
-0.0161082304962099	0.548551675553127	389
-0.01833170548507	0.550474500519343	107
-0.01867963642989	0.551199515777305	5107
-0.01684905918208	0.549966932484854	107
-0.01833170548507	0.550474500519343	2774
-0.01833170548507	0.550474500519343	171
-0.01833170548507	0.550474500519343	566
-0.0175902174126199	0.550484114851072	170
0.0110345544285599	0.760564294836467	428
0.0106789904542199	0.763311198004635	39
-0.024451922565	0.552456091331436	62
0.0311689020945001	1.01422881775072	230
-0.0175902174126199	0.550484114851072	230
-0.01867963642989	0.551199515777305	344
0.01445030549756	0.757441196639726	295
-0.01833170548507	0.550474500519343	295
-0.0175902174126199	0.550484114851072	2943
-0.0198410677985901	0.54965404061661	326
-0.0229578492434499	0.552861579278889	389
-0.01793915586182	0.550681864442582	5107
0.01315489757833	0.761843472172444	924
-0.0175902174126199	0.550484114851072	39
0.0298086414302301	1.01807488376152	4194
-0.0229578492434499	0.552861579278889	344
0.01568262168429	0.758873820806681	70
-0.01793915586182	0.550681864442582	70
-0.0171990042076899	0.549264213163276	1202
-0.01793915586182	0.550681864442582	70
-0.01684905918208	0.549966932484854	70
-0.01833170548507	0.550474500519343	3223
-0.0229578492434499	0.552861579278889	29
-0.0175902174126199	0.550484114851072	326
0.0109947834108299	0.762259539823454	96
0.0134581848063	0.760090988436568	573
0.07873322793792	1.7149059324409	924
0.01129840522229	0.763582575492988	428
0.02186403423846	0.753221450651074	62
-0.0133214523362899	0.547881190959341	1954
0.01747004335381	0.756663056048577	39
-0.02187037799917	0.552145600192979	62
0.0063555731143099	0.763740367668568	230
-0.0175902174126199	0.550484114851072	299
-0.01867963642989	0.551199515777305	299
-0.0148090882885701	0.548389809404095	299
-0.01684905918208	0.549966932484854	326
0.0171661011528299	0.75904802450482	326
-0.0229578492434499	0.552861579278889	107
-0.0226179329145799	0.552416088281882	566
-0.0489170629856099	2.26012316190197	573
0.0171661011528299	0.75904802450482	697
-0.024451922565	0.552456091331436	4562
-0.10346572361335	1.2213228672274	62
-0.01867963642989	0.551199515777305	230
-0.0198410677985901	0.54965404061661	230
-0.0175902174126199	0.550484114851072	344
-0.01793915586182	0.550681864442582	344
-0.0133214523362899	0.547881190959341	29
-0.0229578492434499	0.552861579278889	299
-0.0171990042076899	0.549264213163276	299
-0.01834057120307	0.550050642444883	468
-0.0222113149496199	0.551599382638492	326
-0.0175902174126199	0.550484114851072	107
0.00332075819125999	1.89545817684737	1064
0.04301931813585	1.29769079713268	39
-0.0194204462082701	0.551189226731038	230
0.02093431032988	0.754713979888223	230
0.0297047818562199	1.01423597897555	230
-0.0175902174126199	0.550484114851072	461
0.0122216908150199	0.760819889603963	816
-0.0190735236970101	0.549621946077532	344
-0.0194204462082701	0.551189226731038	344
0.01129840522229	0.763582575492988	1202
-0.0229578492434499	0.552861579278889	29
-0.01833170548507	0.550474500519343	326
-0.10790445532758	1.22581064560504	96
-0.01257813221999	0.546472227688933	96
-0.0190735236970101	0.549621946077532	739
-0.01406510425906	0.548397333153719	1603
0.01561951040345	0.758273432029444	428
0.0514512301708501	1.2822825027699	428
-0.0175902174126199	0.550484114851072	230
-0.01867963642989	0.551199515777305	461
-0.01684905918208	0.549966932484854	230
0.01624146650967	0.757911091286895	344
-0.01867963642989	0.551199515777305	1202
0.0020050876903599	0.765882049063241	29
-0.0194204462082701	0.551189226731038	326
-0.0175902174126199	0.550484114851072	389
-0.01867963642989	0.551199515777305	389
-0.01684905918208	0.549966932484854	365
0.0572230505432601	1.53337260344159	573
-0.01867963642989	0.551199515777305	573
-0.0229578492434499	0.552861579278889	3193
0.01284008349584	0.760648448535067	428
0.01561951040345	0.758273432029444	1740
-0.0237047183471799	0.553131982412369	1954
0.0088112498141899	0.761276206600739	39
-0.01867963642989	0.551199515777305	62
-0.01793915586182	0.550681864442582	39
-0.01684905918208	0.549966932484854	2060
-0.0194204462082701	0.551189226731038	230
-0.0161082304962099	0.548551675553127	230
-0.11076264740338	1.2332872822926	230
-0.01684905918208	0.549966932484854	326
-0.01867963642989	0.551199515777305	326
-0.0148090882885701	0.548389809404095	326
-0.0161082304962099	0.548551675553127	326
-0.0229578492434499	0.552861579278889	170
-0.0148090882885701	0.548389809404095	170
-0.01684905918208	0.549966932484854	780
-0.01867963642989	0.551199515777305	93
-0.01684905918208	0.549966932484854	573
-0.0175902174126199	0.550484114851072	573
0.0184076901328201	0.75723648157268	1064
-0.01793915586182	0.550681864442582	3193
-0.0198410677985901	0.54965404061661	1740
-0.0237047183471799	0.553131982412369	62
-0.0161082304962099	0.548551675553127	409
-0.10297134909731	1.2212501524651	230
0.01129840522229	0.763582575492988	344
0.01537580367915	0.759367033073816	739
-0.01867963642989	0.551199515777305	107
0.0297047818562199	1.01423597897555	286
0.0125363585454501	0.762850768189531	286
0.0304886827555499	1.01806672323414	5489
0.0285270272181699	1.02247697237609	191
0.01871077411124	0.755607155160683	780
-0.01684905918208	0.549966932484854	573
-0.10203000831626	1.21990399666934	1064
0.0340132506823101	1.01221277909953	1064
0.0103749316466599	0.762431636633961	428
-0.0155534047254999	0.547544421448577	428
-0.01867963642989	0.551199515777305	3193
0.0221697618930301	0.75366238476359	2951
-0.0222113149496199	0.551599382638492	1740
0.0125363585454501	0.762850768189531	62
-0.0171990042076899	0.549264213163276	4913
-0.0171990042076899	0.549264213163276	62
0.0401194567793901	1.29580787557619	230
0.08228930720794	2.08757955366787	1579
0.0439409147969501	1.29583656317881	1202
-0.0148090882885701	0.548389809404095	299
0.0169137793345999	0.758148594472621	326
0.02736439524888	1.01885416116095	739
-0.0211231585375999	0.550885444723327	553
-0.0194204462082701	0.551189226731038	191
0.0409395665121	1.29746392594578	780
0.00487991214704997	1.89586872121369	59
0.06375165409169	1.52472637906599	573
-0.024451922565	0.552456091331436	573
-0.01684905918208	0.549966932484854	3193
0.0134581848063	0.760090988436568	428
0.01592333896194	0.759438031046279	428
-0.01793915586182	0.550681864442582	62
-0.01833170548507	0.550474500519343	62
-0.0171990042076899	0.549264213163276	62
-0.0133214523362899	0.547881190959341	62
-0.01684905918208	0.549966932484854	1954
-0.01793915586182	0.550681864442582	4897
0.0221697618930301	0.75366238476359	4897
-0.01867963642989	0.551199515777305	461
-0.0190906504648001	0.550321617620206	1202
-0.0226179329145799	0.552416088281882	1242
0.0103749316466599	0.762431636633961	299
-0.01406510425906	0.548397333153719	326
-0.04981659391664	1.480434963399	326
-0.0148090882885701	0.548389809404095	96
-0.0175902174126199	0.550484114851072	3602
-0.01793915586182	0.550681864442582	258
0.02535013904992	1.0201013940966	171
-0.0166028038741	1.6917138209023	171
-0.0175902174126199	0.550484114851072	191
0.0279806519479	1.01716417707732	62
-0.00321525989959004	0.765993759248567	62
0.08247643000651	1.70410193292138	62
-0.0194204462082701	0.551189226731038	1588
-0.0229578492434499	0.552861579278889	1954
0.01284008349584	0.760648448535067	39
0.00580338165614003	0.76125127482519	461
0.01284008349584	0.760648448535067	461
0.0187710487692301	0.755028173933174	344
-0.0175902174126199	0.550484114851072	344
-0.0175902174126199	0.550484114851072	1202
-0.01867963642989	0.551199515777305	326
-0.0233658235888801	0.551742344860982	326
0.0294041486810801	1.01859137622764	96
-0.01833170548507	0.550474500519343	107
0.01624146650967	0.757911091286895	3656
-0.01684905918208	0.549966932484854	286
-0.01833170548507	0.550474500519343	553
-0.01406510425906	0.548397333153719	1603
-0.0201615854936801	0.55033415003984	171
-0.0237047183471799	0.553131982412369	566
-0.0222113149496199	0.551599382638492	191
-0.1049858966867	1.22282536708897	573
-0.01684905918208	0.549966932484854	573
0.0787280332051701	1.71265349516655	573
-0.03791991907744	2.24143793510676	428
0.02801870066596	1.02252014081199	62
0.0829047765306401	1.69698479705398	62
-0.01684905918208	0.549966932484854	39
-0.11523566315289	1.2310028913711	230
0.0181055727488499	0.754104209251465	461
-0.10252407774994	1.21997677961473	461
0.0247375467851501	1.02600797208634	461
0.0162281405764699	0.756314977892655	461
-0.0237047183471799	0.553131982412369	344
0.0125363585454501	0.762850768189531	344
-0.01406510425906	0.548397333153719	70
-0.01833170548507	0.550474500519343	1202
-0.0175902174126199	0.550484114851072	326
-0.01833170548507	0.550474500519343	96
-0.0226179329145799	0.552416088281882	790
-0.01793915586182	0.550681864442582	790
-0.01867963642989	0.551199515777305	107
-0.0133214523362899	0.547881190959341	2984
-0.01867963642989	0.551199515777305	286
-0.0226179329145799	0.552416088281882	1603
-0.0194204462082701	0.551189226731038	566
-0.10505168665974	1.22257243526971	2951
0.02859806144348	1.01999056481645	62
0.0257548876813101	1.02394917609879	62
0.0251436124525	1.02531786052478	62
0.01284008349584	0.760648448535067	62
-0.0211231585375999	0.550885444723327	70
-0.0226179329145799	0.552416088281882	295
-0.0229578492434499	0.552861579278889	299
-0.01793915586182	0.550681864442582	299
-0.0237047183471799	0.553131982412369	389
-0.0133214523362899	0.547881190959341	3656
-0.0226179329145799	0.552416088281882	196
-0.0237047183471799	0.553131982412369	566
0.01748449744128	0.756105395003867	573
0.02093431032988	0.754713979888223	2951
0.0410157495246799	1.30049327868468	428
-0.01793915586182	0.550681864442582	62
-0.0252960620049201	1.71373184759889	39
-0.01793915586182	0.550681864442582	461
0.0475630739055699	1.28937299773222	461
-0.0171990042076899	0.549264213163276	1242
0.00665901307583994	0.765261578783683	299
-0.0175908297052101	0.54879582421027	468
-0.01867963642989	0.551199515777305	96
-0.0226179329145799	0.552416088281882	196
-0.01406510425906	0.548397333153719	286
-0.0175902174126199	0.550484114851072	191
0.0261605415731001	1.02407684478155	59
0.0300509157420601	1.01999767164241	573
0.0211617750113899	1.02864109830435	2951
0.0242285957358399	1.02643660961203	2951
-0.10830950385233	1.90220214066593	2951
0.02565217044963	1.02488978075624	62
-0.02187037799917	0.552145600192979	62
0.01720587383702	1.0305400611968	461
-0.01867963642989	0.551199515777305	70
0.00850816361673989	0.762209812938476	70
-0.0226179329145799	0.552416088281882	1202
0.01599197035305	0.758811048932772	299
-0.02187037799917	0.552145600192979	468
-0.0175902174126199	0.550484114851072	468
-0.02725743812157	0.552658014762978	326
-0.0226179329145799	0.552416088281882	107
-0.0201615854936801	0.55033415003984	196
-0.0190735236970101	0.549621946077532	286
-0.0171990042076899	0.549264213163276	171
-0.01684905918208	0.549966932484854	171
-0.0194204462082701	0.551189226731038	4674
-0.0194204462082701	0.551189226731038	191
-0.01833170548507	0.550474500519343	301
0.00972462548017994	1.87430700563543	428
0.02747041865544	1.01742344098921	2951
0.0392109459847401	1.30304086604622	1954
-0.01833170548507	0.550474500519343	62
0.00604204889011006	0.765135241638034	62
-0.0519866074438999	1.47901335838393	461
-0.10158196647092	1.21494796393114	461
0.01809055511489	0.756301931943798	461
0.0288944917640499	1.0191869890738	461
0.0116143427219699	0.761700246788856	461
0.0165448668291399	0.759410563089855	461
0.01624146650967	0.757911091286895	344
-0.0133214523362899	0.547881190959341	1202
-0.01684905918208	0.549966932484854	1202
-0.0190735236970101	0.549621946077532	1242
-0.02187037799917	0.552145600192979	1242
-0.0175902174126199	0.550484114851072	299
-0.01793915586182	0.550681864442582	299
-0.0171990042076899	0.549264213163276	326
-0.0175902174126199	0.550484114851072	196
-0.0229578492434499	0.552861579278889	171
-0.0950706890028801	1.88438780825534	2951
0.0487502965931399	1.28411753997347	62
0.0329979534826099	1.01237851709817	461
-0.01867963642989	0.551199515777305	1242
-0.01684905918208	0.549966932484854	326
-0.01684905918208	0.549966932484854	96
-0.01406510425906	0.548397333153719	286
0.00819560269860009	0.762135663950305	1395
-0.01867963642989	0.551199515777305	171
-0.0194204462082701	0.551189226731038	566
-0.0194204462082701	0.551189226731038	191
-0.09749293465246	2.413371840978	428
0.07228960690427	1.50358073137241	68
0.0545674890510399	1.53775847786921	2951
-0.0618574740001101	2.06521355429835	62
-0.0652983251497401	2.07986195680657	62
0.05652095790598	1.53542126290357	62
0.0767821539482401	1.71898592090211	62
0.0169137793345999	0.758148594472621	70
-0.11174962875569	1.23372500731558	96
0.0243323878386299	1.02314298573561	389
-0.01793915586182	0.550681864442582	107
-0.0233658235888801	0.551742344860982	196
-0.01833170548507	0.550474500519343	1395
0.0598874637516	1.52676832781267	640
-0.0696159086897401	1.50968436064856	461
-0.0659743975834199	1.50623267975876	461
-0.0237047183471799	0.553131982412369	70
-0.0194204462082701	0.551189226731038	1242
-0.02187037799917	0.552145600192979	115
-0.0194204462082701	0.551189226731038	5025
-0.0226179329145799	0.552416088281882	627
-0.01867963642989	0.551199515777305	191
-0.0252960620049201	1.71373184759889	640
-0.01867963642989	0.551199515777305	70
0.0165448668291399	0.759410563089855	1202
-0.01684905918208	0.549966932484854	299
0.01624146650967	0.757911091286895	196
-0.01833170548507	0.550474500519343	281
-0.0233658235888801	0.551742344860982	566
-0.0201615854936801	0.55033415003984	1078
-0.0194204462082701	0.551189226731038	191
-0.0237047183471799	0.553131982412369	59
-0.01867963642989	0.551199515777305	59
0.0304886827555499	1.01806672323414	640
0.0482898570069701	1.2853926708017	640
-0.05770724764619	1.49296789732873	62
0.0606589917029301	1.53087882486079	461
0.0618173127656401	1.52717324023685	461
-0.01406510425906	0.548397333153719	461
-0.0194204462082701	0.551189226731038	1202
0.0424354118600201	1.30043713866041	1202
0.0324258256988399	1.01372733165958	115
-0.0190735236970101	0.549621946077532	299
-0.00258052480508009	1.9096038510368	389
-0.0222113149496199	0.551599382638492	323
-0.0201615854936801	0.55033415003984	323
-0.01867963642989	0.551199515777305	196
0.0109947834108299	0.762259539823454	171
-0.0201615854936801	0.55033415003984	191
-0.0194204462082701	0.551189226731038	548
-0.0229578492434499	0.552861579278889	59
-0.01305216680341	1.68948373849885	499
-0.0600531953499599	1.49262790289044	39
-0.0226179329145799	0.552416088281882	180
-0.0175902174126199	0.550484114851072	299
-0.0148090882885701	0.548389809404095	326
0.0119175278396799	0.763411251497296	779
-0.01867963642989	0.551199515777305	1112
-0.0148090882885701	0.548389809404095	627
-0.01793915586182	0.550681864442582	171
-0.01833170548507	0.550474500519343	59
-0.01793915586182	0.550681864442582	640
0.00819560269860009	0.762135663950305	640
-0.10652729667895	1.22901414219359	2951
-0.01867963642989	0.551199515777305	62
0.01407599498447	0.759090320592301	230
-0.0323377680085399	0.553061660492431	461
0.02903517183933	1.02204949492412	1242
0.01561951040345	0.758273432029444	1456
-0.024451922565	0.552456091331436	1456
-0.01867963642989	0.551199515777305	171
-0.0233658235888801	0.551742344860982	59
-0.0561744432409701	1.49080747782676	68
-0.03947461134632	2.23318257026227	62
0.0931413515817501	2.05304240310155	62
-0.0668785746349001	1.50562561501756	461
0.04396252791056	1.2939814206319	461
-0.02876377688911	0.553275796031429	461
-0.0175902174126199	0.550484114851072	1202
0.0191954080632499	1.02975858040904	1202
0.0168631287751999	0.757214073923297	107
-0.0222113149496199	0.551599382638492	3059
-0.0175902174126199	0.550484114851072	323
0.01871077411124	0.755607155160683	171
-0.0237047183471799	0.553131982412369	171
-0.02767965965745	0.552564085173501	171
-0.024451922565	0.552456091331436	88
-0.0161082304962099	0.548551675553127	171
0.0472362201849801	1.2935192893122	640
0.07815637325301	1.70472827261676	62
-0.05199937714783	1.48366717936274	461
-0.01867963642989	0.551199515777305	461
-0.0175902174126199	0.550484114851072	180
0.0168492385878301	0.756691810281742	180
-0.0233658235888801	0.551742344860982	2074
0.0221697618930301	0.75366238476359	299
-0.01867963642989	0.551199515777305	299
-0.0194204462082701	0.551189226731038	299
-0.01867963642989	0.551199515777305	196
-0.0133214523362899	0.547881190959341	1574
-0.0190735236970101	0.549621946077532	171
-0.01867963642989	0.551199515777305	171
-0.0175902174126199	0.550484114851072	749
-0.10224095045834	2.42519488495568	2158
0.0294041486810801	1.01859137622764	2951
0.02021444911343	1.02979291111824	27
-0.0622273361280901	1.50302458378815	230
-0.06176655273498	1.50127171956888	461
-0.01833170548507	0.550474500519343	461
-0.0190906504648001	0.550321617620206	180
0.00727568676764001	0.764893675986884	37
0.0168492385878301	0.756691810281742	115
-0.0190735236970101	0.549621946077532	107
-0.0222113149496199	0.551599382638492	59
-0.0237047183471799	0.553131982412369	499
-0.0171990042076899	0.549264213163276	640
0.0424354118600201	1.30043713866041	640
0.0203161481024601	0.754741636107711	62
0.05593650044896	1.53707688277071	62
0.00548657232761007	0.761844560564074	62
-0.10168812918519	1.22101536929869	461
0.0171661011528299	0.75904802450482	70
-0.01406510425906	0.548397333153719	180
0.0227870517039901	0.75256059627571	90
-0.01867963642989	0.551199515777305	96
-0.01793915586182	0.550681864442582	779
0.01624146650967	0.757911091286895	323
-0.01793915586182	0.550681864442582	196
0.0197771674846401	1.02711534911104	1008
-0.0222113149496199	0.551599382638492	281
-0.02187037799917	0.552145600192979	171
-0.01867963642989	0.551199515777305	171
-0.0148090882885701	0.548389809404095	59
-0.0171990042076899	0.549264213163276	499
-0.02187037799917	0.552145600192979	640
-0.10182107847441	1.89733260370296	62
0.0687242337637399	1.72467028229532	461
-0.0175902174126199	0.550484114851072	3500
-0.01684905918208	0.549966932484854	326
-0.0175902174126199	0.550484114851072	1008
-0.0194204462082701	0.551189226731038	281
-0.0133214523362899	0.547881190959341	2759
-0.0226179329145799	0.552416088281882	2759
-0.0175902174126199	0.550484114851072	715
-0.0194204462082701	0.551189226731038	263
-0.0229578492434499	0.552861579278889	59
-0.0161082304962099	0.548551675553127	59
-0.01793915586182	0.550681864442582	499
0.0613160962157	1.52501893974583	2951
0.0165448668291399	0.759410563089855	4811
0.08030526720058	1.90705616074044	39
0.0207236956449399	1.02914632111417	461
-0.0614131479883699	2.06297044383111	461
0.0449342149074601	1.29010036804938	461
-0.01833170548507	0.550474500519343	1649
-0.01793915586182	0.550681864442582	180
-0.01833170548507	0.550474500519343	180
-0.0237047183471799	0.553131982412369	115
-0.0194204462082701	0.551189226731038	779
-0.01684905918208	0.549966932484854	323
-0.0237047183471799	0.553131982412369	73
-0.02187037799917	0.552145600192979	1574
0.0122336098195099	0.760696390018375	3872
-0.01793915586182	0.550681864442582	5045
-0.01406510425906	0.548397333153719	263
-0.01867963642989	0.551199515777305	263
-0.01793915586182	0.550681864442582	2267
-0.0148090882885701	0.548389809404095	3976
0.0162571314550599	1.0316880595547	59
-0.0219844007271399	1.71170995430013	2951
0.0149972602149799	0.758302386104218	2405
-0.0229578492434499	0.552861579278889	4811
-0.02767965965745	0.552564085173501	888
-0.0161082304962099	0.548551675553127	888
-0.11024965157411	1.91207961532126	27
-0.01684905918208	0.549966932484854	1202
-0.10020390080915	1.21580608755092	1050
-0.0155534047254999	0.547544421448577	3608
-0.01867963642989	0.551199515777305	657
0.0134581848063	0.760090988436568	323
-0.0171990042076899	0.549264213163276	323
-0.0175902174126199	0.550484114851072	2759
-0.0175902174126199	0.550484114851072	1078
0.0677271511162201	1.9302203455028	59
0.0649051713309901	1.52067796397039	59
0.06475389935988	1.52381554643228	59
-0.01867963642989	0.551199515777305	59
-0.10687175994753	1.22926627081488	59
0.03864030187123	1.30433959126548	59
0.0435025667945399	1.29355079914339	59
-0.01684905918208	0.549966932484854	499
-0.01793915586182	0.550681864442582	2951
0.0241166602513701	1.02391692354225	2951
0.02565217044963	1.02488978075624	62
-0.11170628431902	1.2305877832889	62
0.0171661011528299	0.75904802450482	27
0.0420971499337399	1.29787793564097	27
-0.0175902174126199	0.550484114851072	62
-0.0190735236970101	0.549621946077532	461
-0.0161082304962099	0.548551675553127	461
-0.0229578492434499	0.552861579278889	180
-0.01793915586182	0.550681864442582	37
-0.01867963642989	0.551199515777305	115
-0.0269256257472901	0.552956033505307	323
-0.01684905918208	0.549966932484854	706
-0.0133214523362899	0.547881190959341	59
0.0063555731143099	0.763740367668568	59
0.09378454681862	2.05618625129797	499
0.0628754768843201	1.51957646276177	428
0.0341146906365399	1.01378875669284	2951
0.07013247910217	1.50903391864055	2951
0.0576498438437301	1.53302273806573	2405
-0.0175902174126199	0.550484114851072	888
-0.00723786571701002	1.9153326343478	27
0.0720184338191801	1.71888868305947	461
0.0216707063216399	1.02799533706952	461
0.0260105893559901	1.02199478674686	461
-0.10123880219209	1.89355041954587	461
-0.01833170548507	0.550474500519343	180
-0.0233658235888801	0.551742344860982	323
0.0109947834108299	0.762259539823454	196
-0.01867963642989	0.551199515777305	88
0.01624146650967	0.757911091286895	59
-0.02187037799917	0.552145600192979	59
0.00604204889011006	0.765135241638034	243
0.0440089577935501	1.29511826350025	68
0.02455569779431	1.0258187286238	2951
-0.0229578492434499	0.552861579278889	2951
0.02658181513517	1.02082609383453	39
0.02217945530813	1.02688778579296	62
0.04247131031844	1.29365330374506	461
0.01537580367915	0.759367033073816	461
0.0171661011528299	0.75904802450482	461
0.01624146650967	0.757911091286895	461
-0.02187037799917	0.552145600192979	1649
0.02903517183933	1.02204949492412	180
-0.0175902174126199	0.550484114851072	115
-0.01684905918208	0.549966932484854	657
-0.01406510425906	0.548397333153719	96
-0.01684905918208	0.549966932484854	779
0.0335056952552	1.0124697724784	323
-0.0237047183471799	0.553131982412369	323
-0.0194204462082701	0.551189226731038	107
-0.0233658235888801	0.551742344860982	2658
-0.10119623943359	1.22034176586668	59
-0.0229578492434499	0.552861579278889	151
-0.0211231585375999	0.550885444723327	1125
0.0602330717083	1.53122739809556	2951
0.0280897854790601	1.02079996471465	2951
-0.10385735804048	1.90496279912276	62
0.03082699011749	1.01653460397661	27
-0.10731995616811	1.22590575833634	27
-0.02187037799917	0.552145600192979	461
0.01129840522229	0.763582575492988	461
-0.01768683865966	1.70496108483005	461
-0.024451922565	0.552456091331436	180
0.0168631287751999	0.757214073923297	2318
0.0288944917640499	1.0191869890738	96
-0.01793915586182	0.550681864442582	281
-0.0175902174126199	0.550484114851072	2658
-0.01793915586182	0.550681864442582	1371
0.0063555731143099	0.763740367668568	59
-0.0543556039053099	1.49112457262871	499
-0.024451922565	0.552456091331436	1125
0.0243323878386299	1.02314298573561	640
-0.05822702421065	1.49366588578757	461
0.0168631287751999	0.757214073923297	1649
-0.0148090882885701	0.548389809404095	1649
-0.01867963642989	0.551199515777305	2458
-0.0237047183471799	0.553131982412369	4997
0.0462461154293801	1.29505017397218	37
-0.01867963642989	0.551199515777305	2287
-0.0175902174126199	0.550484114851072	779
-0.10316481970594	1.22034630564717	323
-0.0233658235888801	0.551742344860982	323
0.02707268742751	1.02127154106247	59
-0.0226179329145799	0.552416088281882	2951
0.01778704217386	0.758349119765208	68
0.0193902290263399	0.755405479634455	461
-0.0194204462082701	0.551189226731038	657
-0.01833170548507	0.550474500519343	115
-0.0194204462082701	0.551189226731038	323
-0.10835397415967	1.22858677898478	323
-0.01867963642989	0.551199515777305	2442
0.00135811400532004	1.90112543618295	499
-0.01834057120307	0.550050642444883	68
-0.02187037799917	0.552145600192979	461
-0.024451922565	0.552456091331436	2458
-0.0269256257472901	0.552956033505307	70
0.0260105893559901	1.02199478674686	115
-0.0175902174126199	0.550484114851072	657
-0.0175902174126199	0.550484114851072	657
-0.0237047183471799	0.553131982412369	107
0.00819560269860009	0.762135663950305	196
-0.02187037799917	0.552145600192979	706
-0.0237047183471799	0.553131982412369	849
-0.0148090882885701	0.548389809404095	191
-0.01793915586182	0.550681864442582	59
-0.0226179329145799	0.552416088281882	499
-0.01793915586182	0.550681864442582	499
0.01624146650967	0.757911091286895	640
-0.0171990042076899	0.549264213163276	640
0.0119175278396799	0.763411251497296	68
-0.0645401474681899	2.0727463580273	68
0.0233138877407	1.02438215085903	461
-0.0226179329145799	0.552416088281882	461
-0.0175902174126199	0.550484114851072	369
-0.01867963642989	0.551199515777305	657
-0.01406510425906	0.548397333153719	115
-0.10981854405075	1.23193117012239	779
0.0165448668291399	0.759410563089855	779
-0.0226179329145799	0.552416088281882	499
0.0575760023137999	1.53563541293351	499
0.0404799983678601	1.30015246530355	39
-0.10016339077258	1.89786268564183	62
-0.0190735236970101	0.549621946077532	62
-0.01867963642989	0.551199515777305	70
0.01778704217386	0.758349119765208	115
0.0171661011528299	0.75904802450482	2514
-0.01793915586182	0.550681864442582	1153
0.01747004335381	0.756663056048577	1172
-0.01793915586182	0.550681864442582	191
-0.0175902174126199	0.550484114851072	3849
0.03281957273562	2.22955521458223	631
-0.02801043708842	0.553669292297474	640
0.0165448668291399	0.759410563089855	68
-0.0198410677985901	0.54965404061661	388
0.00170180413433996	0.764062147063211	461
0.01778704217386	0.758349119765208	70
0.02000911746325	0.755377623377746	58
0.00830664143244997	1.03296975326114	369
-0.02187037799917	0.552145600192979	657
-0.01833170548507	0.550474500519343	657
-0.0229578492434499	0.552861579278889	614
-0.01867963642989	0.551199515777305	3312
0.01592333896194	0.759438031046279	779
-0.0175902174126199	0.550484114851072	734
-0.01867963642989	0.551199515777305	2773
0.04301931813585	1.29769079713268	499
0.07440230020927	1.72590501001685	243
0.0109947834108299	0.762259539823454	2895
0.0197050199579301	1.03000743070103	640
-0.10312323187153	1.22519374103777	640
-0.10747094873141	1.22729703796265	640
0.0304886827555499	1.01806672323414	62
-0.0559075159947899	1.49013036830807	62
-0.0717591852874	2.08773641786997	461
-0.1136979167657	1.23432680655132	70
-0.01833170548507	0.550474500519343	5282
-0.02801043708842	0.553669292297474	4359
-0.0148090882885701	0.548389809404095	500
-0.0194204462082701	0.551189226731038	4937
-0.0194204462082701	0.551189226731038	2852
-0.01867963642989	0.551199515777305	849
-0.0211231585375999	0.550885444723327	849
-0.01833170548507	0.550474500519343	88
-0.02187037799917	0.552145600192979	88
0.07026886699473	1.73226022305658	243
0.01809055511489	0.756301931943798	388
0.0193307005827901	0.754501979389326	461
-0.0233658235888801	0.551742344860982	2458
-0.01684905918208	0.549966932484854	70
0.0302140347342099	1.01432592508702	369
-0.0194204462082701	0.551189226731038	657
-0.0201615854936801	0.55033415003984	657
-0.02415026402579	0.550475389646869	614
-0.0237047183471799	0.553131982412369	115
-0.0237047183471799	0.553131982412369	2773
-0.01867963642989	0.551199515777305	88
-0.0226179329145799	0.552416088281882	88
0.1000044831432	2.21214302638681	59
0.0612376100610099	1.53031394192388	62
-0.11129833760484	1.23179369559954	62
0.03123197899803	1.01347579477118	62
0.02280435656283	1.0244268012757	461
0.0193902290263399	0.755405479634455	461
-0.0148090882885701	0.548389809404095	657
-0.0175902174126199	0.550484114851072	1215
-0.01793915586182	0.550681864442582	2773
0.01561951040345	0.758273432029444	1153
-0.02187037799917	0.552145600192979	4755
0.00604204889011006	0.765135241638034	428
0.0671098053820001	1.72729488820097	68
0.0125363585454501	0.762850768189531	70
0.0590795806826401	1.53018679862427	461
-0.01833170548507	0.550474500519343	58
-0.02801043708842	0.553669292297474	369
-0.02187037799917	0.552145600192979	4250
-0.0229578492434499	0.552861579278889	115
0.0221697618930301	0.75366238476359	96
-0.0226179329145799	0.552416088281882	734
-0.01867963642989	0.551199515777305	171
-0.0229578492434499	0.552861579278889	1019
0.0382191407103301	1.30367963989812	59
-0.02801043708842	0.553669292297474	4755
-0.0233658235888801	0.551742344860982	428
0.0420971499337399	1.29787793564097	68
-0.0219844007271399	1.71170995430013	68
-0.0175902174126199	0.550484114851072	4450
0.0453954849173599	1.28996595561158	369
0.0162983452085099	0.758703814770182	115
-0.0211231585375999	0.550885444723327	281
-0.024451922565	0.552456091331436	2307
-0.0175902174126199	0.550484114851072	88
-0.01793915586182	0.550681864442582	88
-0.0175902174126199	0.550484114851072	602
-0.0226179329145799	0.552416088281882	191
-0.0148090882885701	0.548389809404095	59
0.00697269206835993	0.76287814744911	59
0.03106593328042	1.01509782027002	428
-0.0622273361280901	1.50302458378815	640
0.0215521815141499	0.754354654287299	68
0.00666320799774001	1.8924819801821	68
-0.10736566006625	1.22951384544957	62
0.01809055511489	0.756301931943798	2078
0.0192676060575401	1.02775995909835	115
0.0106789904542199	0.763311198004635	115
-0.0148090882885701	0.548389809404095	115
-0.01406510425906	0.548397333153719	651
-0.0194204462082701	0.551189226731038	2653
-0.0229578492434499	0.552861579278889	2653
-0.0211231585375999	0.550885444723327	734
0.0149972602149799	0.758302386104218	196
-0.0229578492434499	0.552861579278889	196
-0.01793915586182	0.550681864442582	281
-0.01684905918208	0.549966932484854	88
-0.0190906504648001	0.550321617620206	59
0.0119175278396799	0.763411251497296	2663
-0.0551462233665401	1.48120094766281	62
0.0510590073697501	1.28464130238058	461
-0.11031163766987	1.23239484815829	702
0.0226181994111701	1.02390601920458	2078
-0.01867963642989	0.551199515777305	734
-0.0226179329145799	0.552416088281882	107
-0.0229578492434499	0.552861579278889	500
-0.0175902174126199	0.550484114851072	849
-0.0201615854936801	0.55033415003984	88
-0.0237047183471799	0.553131982412369	88
-0.0161082304962099	0.548551675553127	243
0.0165448668291399	0.759410563089855	219
-0.024451922565	0.552456091331436	31
0.01561951040345	0.758273432029444	96
-0.02187037799917	0.552145600192979	734
-0.01793915586182	0.550681864442582	107
-0.01793915586182	0.550681864442582	107
-0.0148090882885701	0.548389809404095	855
0.0116143427219699	0.761700246788856	59
0.02541972390422	2.06056261321577	499
0.00727568676764001	0.764893675986884	640
-0.0983608064080499	1.21313306106419	2663
-0.02725743812157	0.552658014762978	68
-0.0229578492434499	0.552861579278889	461
0.0241166602513701	1.02391692354225	461
-0.0175902174126199	0.550484114851072	219
-0.01867963642989	0.551199515777305	31
-0.0222113149496199	0.551599382638492	734
0.02991361816884	1.01764457331484	734
-0.0175902174126199	0.550484114851072	107
-0.01684905918208	0.549966932484854	500
-0.01833170548507	0.550474500519343	88
-0.0194204462082701	0.551189226731038	88
-0.0175902174126199	0.550484114851072	59
-0.0580697633254501	1.49532748283675	640
-0.0563584937000601	1.49021663922468	68
-0.0252960620049201	1.71373184759889	461
0.0116143427219699	0.761700246788856	1189
-0.01684905918208	0.549966932484854	115
-0.01793915586182	0.550681864442582	734
0.01592333896194	0.759438031046279	107
-0.01867963642989	0.551199515777305	107
0.01129840522229	0.763582575492988	107
-0.01833170548507	0.550474500519343	500
0.02000911746325	0.755377623377746	428
-0.0630558290805701	1.50090015398593	1497
0.04155258255118	1.29679479084298	461
-0.01867963642989	0.551199515777305	1405
-0.01406510425906	0.548397333153719	1189
0.0206277143186899	0.755017748186865	58
0.01592333896194	0.759438031046279	1396
-0.01793915586182	0.550681864442582	115
-0.0194204462082701	0.551189226731038	3434
0.0261605415731001	1.02407684478155	107
-0.0226179329145799	0.552416088281882	107
-0.01406510425906	0.548397333153719	281
-0.10637803097768	1.22858701604816	255
0.0168631287751999	0.757214073923297	243
-0.10736566006625	1.22951384544957	243
0.00665901307583994	0.765261578783683	1279
-0.0643212069461001	2.07014389457217	1497
-0.01406510425906	0.548397333153719	1189
0.02093431032988	0.754713979888223	1189
-0.01867963642989	0.551199515777305	369
0.0250163580485501	0.74914716937243	1144
0.0168492385878301	0.756691810281742	107
-0.01684905918208	0.549966932484854	2292
-0.0175902174126199	0.550484114851072	281
-0.0175902174126199	0.550484114851072	281
-0.0175902174126199	0.550484114851072	59
-0.11220000069845	1.23105129983302	68
-0.11603798412924	1.91867910827156	27
-0.04490119792776	2.25864542952976	27
-0.06496269939738	2.07052670566416	39
0.0285270272181699	1.02247697237609	115
0.0134581848063	0.760090988436568	115
-0.01684905918208	0.549966932484854	651
-0.0161082304962099	0.548551675553127	3434
0.0119175278396799	0.763411251497296	651
-0.0161082304962099	0.548551675553127	107
-0.01867963642989	0.551199515777305	734
-0.0194204462082701	0.551189226731038	107
-0.01793915586182	0.550681864442582	855
0.02801870066596	1.02252014081199	243
0.0558461737442699	1.5329532967099	640
0.0116143427219699	0.761700246788856	68
0.0149972602149799	0.758302386104218	1208
-0.0155534047254999	0.547544421448577	5179
0.01164779509617	0.760199741312899	369
-0.01867963642989	0.551199515777305	1144
0.0171661011528299	0.75904802450482	651
-0.0194204462082701	0.551189226731038	734
-0.0237047183471799	0.553131982412369	734
-0.01406510425906	0.548397333153719	107
-0.0148090882885701	0.548389809404095	855
-0.0194204462082701	0.551189226731038	88
0.0193902290263399	0.755405479634455	1405
-0.01834057120307	0.550050642444883	219
0.0149972602149799	0.758302386104218	369
0.0311800101069	1.30901994084408	1143
-0.01684905918208	0.549966932484854	734
0.0184076901328201	0.75723648157268	734
-0.0229578492434499	0.552861579278889	855
-0.02187037799917	0.552145600192979	88
-0.0171990042076899	0.549264213163276	192
-0.11711081336151	1.23154529854629	640
0.02859806144348	1.01999056481645	68
0.00990123480505001	0.755949678981402	68
-0.0213216347678	1.71129103012635	68
0.0295431346428601	1.02123807492291	461
-0.0229578492434499	0.552861579278889	1189
-0.0194204462082701	0.551189226731038	115
0.0165448668291399	0.759410563089855	115
-0.0229578492434499	0.552861579278889	1144
0.0153015173100599	0.759056625172602	651
-0.01834057120307	0.550050642444883	2745
-0.0161082304962099	0.548551675553127	734
-0.0201615854936801	0.55033415003984	3476
-0.0226179329145799	0.552416088281882	281
-0.0175902174126199	0.550484114851072	88
-0.02187037799917	0.552145600192979	1818
0.0529283878051101	1.53805018139124	428
-0.10297134909731	1.2212501524651	640
0.06585424454843	1.51255248189522	640
0.0625964050708701	1.52329609542468	39
-0.11318794721963	1.23045744844784	39
0.03632054188844	1.30568866226623	461
0.0200856657450199	1.02819197612094	461
0.01561951040345	0.758273432029444	369
-0.01793915586182	0.550681864442582	369
0.00697269206835993	0.76287814744911	369
0.03093199533112	1.01439904650375	1144
-0.0190735236970101	0.549621946077532	107
-0.024451922565	0.552456091331436	3476
-0.0175902174126199	0.550484114851072	2443
-0.0229578492434499	0.552861579278889	3368
-0.02224654576035	1.70759017769526	68
-0.0557824951066299	1.48657993152693	27
-0.10830820104297	1.22683117649847	1208
-0.02806366860361	1.71662317996171	62
-0.01684905918208	0.549966932484854	58
-0.0226179329145799	0.552416088281882	3153
0.0287895434765	1.01824056659765	3153
-0.0201615854936801	0.55033415003984	58
-0.02187037799917	0.552145600192979	4816
0.0496789064094301	1.28502123627233	369
-0.0171990042076899	0.549264213163276	1569
-0.01793915586182	0.550681864442582	281
-0.0194204462082701	0.551189226731038	2443
0.03402200219495	1.30558538297872	631
-0.0237047183471799	0.553131982412369	631
0.01747004335381	0.756663056048577	62
-0.01684905918208	0.549966932484854	1405
-0.0175902174126199	0.550484114851072	3153
-0.01684905918208	0.549966932484854	58
-0.0175902174126199	0.550484114851072	58
-0.01833170548507	0.550474500519343	1144
0.00323315982757011	0.763538984266434	115
-0.01867963642989	0.551199515777305	136
-0.0175902174126199	0.550484114851072	722
-0.01793915586182	0.550681864442582	651
-0.0133214523362899	0.547881190959341	107
0.0165448668291399	0.759410563089855	107
-0.024451922565	0.552456091331436	516
-0.0133214523362899	0.547881190959341	281
0.0165448668291399	0.759410563089855	1818
-0.0571669442396301	1.49378567678841	1279
0.0346220783264399	1.01244365294055	27
0.0425583055154399	1.29799615369369	39
0.0119175278396799	0.763411251497296	60
-0.02187037799917	0.552145600192979	70
0.02093431032988	0.754713979888223	369
-0.10687175994753	1.22926627081488	369
-0.0175902174126199	0.550484114851072	2434
-0.0233658235888801	0.551742344860982	651
-0.01793915586182	0.550681864442582	651
-0.01684905918208	0.549966932484854	734
-0.01867963642989	0.551199515777305	734
-0.0194204462082701	0.551189226731038	281
0.0158179783068699	1.02871506191004	68
0.02903517183933	1.02204949492412	27
-0.10543564029091	1.22723185964552	461
0.00665901307583994	0.765261578783683	461
-0.0175902174126199	0.550484114851072	58
-0.0237047183471799	0.553131982412369	58
-0.01793915586182	0.550681864442582	3153
0.0294041486810801	1.01859137622764	115
0.01747004335381	0.756663056048577	651
-0.0148090882885701	0.548389809404095	2745
-0.0226179329145799	0.552416088281882	630
-0.0175902174126199	0.550484114851072	88
-0.0237047183471799	0.553131982412369	88
-0.0723673566279	2.0938466929184	640
-0.10570592008714	1.89332250902776	1497
-0.0229578492434499	0.552861579278889	27
0.0125363585454501	0.762850768189531	62
-0.0226179329145799	0.552416088281882	461
0.01660784732416	0.757812324223895	58
0.0119175278396799	0.763411251497296	58
-0.0175902174126199	0.550484114851072	369
-0.10985970864292	1.22726971571881	369
-0.0133214523362899	0.547881190959341	136
-0.01867963642989	0.551199515777305	136
0.0141426002774301	0.759269078836586	722
-0.0229578492434499	0.552861579278889	651
0.02000911746325	0.755377623377746	651
-0.01793915586182	0.550681864442582	107
-0.0194204462082701	0.551189226731038	516
-0.0229578492434499	0.552861579278889	516
-0.0194204462082701	0.551189226731038	630
-0.01684905918208	0.549966932484854	192
-0.0175902174126199	0.550484114851072	192
0.0821916752930201	1.90175813277946	243
0.0321580924114899	2.03902520981155	243
0.00573816335918997	0.764108055072956	499
-0.0233936745368599	0.550862796636914	499
0.0169137793345999	0.758148594472621	640
-0.01793915586182	0.550681864442582	62
0.0168492385878301	0.756691810281742	461
-0.0133214523362899	0.547881190959341	461
0.0704623951703101	1.72940601896634	58
-0.0187074613333	2.39092978117314	58
0.0171661011528299	0.75904802450482	369
-0.01684905918208	0.549966932484854	115
0.0171661011528299	0.75904802450482	115
0.01624146650967	0.757911091286895	115
-0.06176655273498	1.50127171956888	651
-0.02767965965745	0.552564085173501	630
0.0145099655995999	0.755323780813183	256
-0.0175902174126199	0.550484114851072	3973
-0.02801043708842	0.553669292297474	798
-0.01793915586182	0.550681864442582	301
-0.01406510425906	0.548397333153719	4872
-0.03125494976954	0.552353758489541	5251
0.0257548876813101	1.02394917609879	243
-0.01834057120307	0.550050642444883	640
-0.0261719333284201	0.551946229427137	1318
-0.01834057120307	0.550050642444883	27
-0.01867963642989	0.551199515777305	27
0.02124601983105	0.754324576611081	39
-0.0133214523362899	0.547881190959341	62
-0.0679644290997601	2.08299854041609	461
-0.0606583458452801	1.49478656098405	461
-0.01833170548507	0.550474500519343	461
-0.00761783296180996	1.92010268753351	58
0.0462461154293801	1.29505017397218	58
-0.01257813221999	0.546472227688933	58
0.01506660852604	0.758605598393455	369
-0.0211231585375999	0.550885444723327	115
0.0290005553132999	1.01562715378828	107
-0.01793915586182	0.550681864442582	3774
-0.10115477368615	1.22150602362827	849
-0.0133214523362899	0.547881190959341	88
-0.01406510425906	0.548397333153719	1715
0.0110345544285599	0.760564294836467	1715
-0.0237047183471799	0.553131982412369	5251
0.02280435656283	1.0244268012757	1279
-0.0229578492434499	0.552861579278889	68
-0.0175902174126199	0.550484114851072	27
-0.01867963642989	0.551199515777305	39
-0.02187037799917	0.552145600192979	2754
-0.01867963642989	0.551199515777305	2754
0.01129840522229	0.763582575492988	461
0.0106789904542199	0.763311198004635	461
-0.02801043708842	0.553669292297474	461
0.0923774933871999	1.87829946814029	1231
-0.0226179329145799	0.552416088281882	31
0.02093431032988	0.754713979888223	369
-0.0233658235888801	0.551742344860982	369
0.0116143427219699	0.761700246788856	369
0.07776261463488	1.71533397425692	651
-0.0201615854936801	0.55033415003984	651
-0.01684905918208	0.549966932484854	734
-0.0175902174126199	0.550484114851072	430
0.01315489757833	0.761843472172444	3774
-0.0161082304962099	0.548551675553127	516
-0.10687175994753	1.22926627081488	630
-0.01684905918208	0.549966932484854	88
-0.01867963642989	0.551199515777305	256
0.09082319446631	2.06753744338449	640
-0.0576726913511101	1.49762912413729	39
0.04013268749346	1.30156222765423	859
0.03309935646667	1.01532401109268	369
-0.01684905918208	0.549966932484854	115
-0.0133214523362899	0.547881190959341	651
-0.02187037799917	0.552145600192979	115
0.0119175278396799	0.763411251497296	107
-0.0194204462082701	0.551189226731038	281
-0.0175902174126199	0.550484114851072	281
-0.0229578492434499	0.552861579278889	88
-0.0194204462082701	0.551189226731038	88
-0.0175902174126199	0.550484114851072	88
-0.01867963642989	0.551199515777305	88
-0.01684905918208	0.549966932484854	256
-0.01867963642989	0.551199515777305	1715
-0.01793915586182	0.550681864442582	192
0.0233138877407	1.02438215085903	499
0.0390726927248	1.29600649272378	1279
-0.10005544127914	1.21556739492474	27
0.04447280184009	1.28983910360171	27
0.04342847791724	1.29889671885983	27
-0.10119623943359	1.22034176586668	62
0.0606589917029301	1.53087882486079	39
0.0500695517633101	1.28122173205307	461
0.01871077411124	0.755607155160683	461
-0.0229578492434499	0.552861579278889	115
-0.01867963642989	0.551199515777305	108
-0.0175902174126199	0.550484114851072	516
-0.01406510425906	0.548397333153719	35
0.07019512534193	1.50724734039854	631
-0.01833170548507	0.550474500519343	640
0.0442749169951699	1.29547827451729	1497
0.03676664259383	1.30100644805853	62
-0.0176047564950199	1.69588265543995	62
-0.10592906114768	1.2279102410131	62
0.0251436124525	1.02531786052478	62
0.01778704217386	0.758349119765208	461
-0.01684905918208	0.549966932484854	1231
-0.01867963642989	0.551199515777305	58
-0.02187037799917	0.552145600192979	369
-0.01684905918208	0.549966932484854	651
-0.0233658235888801	0.551742344860982	108
-0.0194204462082701	0.551189226731038	651
-0.0175902174126199	0.550484114851072	651
-0.0237047183471799	0.553131982412369	2238
-0.01793915586182	0.550681864442582	1650
-0.0161082304962099	0.548551675553127	35
0.0142901135176301	1.03000704032663	640
-0.10297134909731	1.2212501524651	68
-0.0581235221671601	1.49841966403141	27
0.0149972602149799	0.758302386104218	62
-0.0194204462082701	0.551189226731038	461
0.0284906974608501	1.01657017770885	1231
0.00604204889011006	0.765135241638034	58
-0.0171990042076899	0.549264213163276	58
-0.0175902174126199	0.550484114851072	58
-0.01833170548507	0.550474500519343	369
-0.0175902174126199	0.550484114851072	651
-0.0201615854936801	0.55033415003984	651
-0.0201615854936801	0.55033415003984	651
-0.0229578492434499	0.552861579278889	651
-0.0175902174126199	0.550484114851072	734
-0.0161082304962099	0.548551675553127	481
-0.0155534047254999	0.547544421448577	88
0.03309935646667	1.01532401109268	255
0.0193307005827901	0.754501979389326	499
-0.01833170548507	0.550474500519343	499
-0.01833170548507	0.550474500519343	68
0.00139061851764	0.765952564890775	68
0.0125363585454501	0.762850768189531	68
0.02736439524888	1.01885416116095	68
0.02110027193831	1.02682674459202	68
-0.02187037799917	0.552145600192979	68
-0.0175902174126199	0.550484114851072	68
-0.0175902174126199	0.550484114851072	1175
-0.0190906504648001	0.550321617620206	62
0.0162983452085099	0.758703814770182	461
-0.01867963642989	0.551199515777305	461
-0.0175908297052101	0.54879582421027	461
0.0191954080632499	1.02975858040904	58
-0.0201615854936801	0.55033415003984	58
-0.01867963642989	0.551199515777305	369
-0.0148090882885701	0.548389809404095	369
-0.0229578492434499	0.552861579278889	59
0.0532269054825401	1.54028371528119	631
0.0439409147969501	1.29583656317881	640
0.01561951040345	0.758273432029444	68
-0.10800338150474	1.22887451247308	62
-0.0233658235888801	0.551742344860982	461
0.0363398904893999	1.30589868050483	461
-0.01867963642989	0.551199515777305	687
-0.0229578492434499	0.552861579278889	1231
-0.0148090882885701	0.548389809404095	58
0.0337096573395701	1.01119005413625	58
-0.0175902174126199	0.550484114851072	58
-0.0194204462082701	0.551189226731038	58
-0.01793915586182	0.550681864442582	58
-0.01793915586182	0.550681864442582	58
-0.0237047183471799	0.553131982412369	58
-0.0190735236970101	0.549621946077532	31
-0.0211231585375999	0.550885444723327	115
-0.0222113149496199	0.551599382638492	651
-0.0211231585375999	0.550885444723327	1343
-0.02187037799917	0.552145600192979	651
0.01809055511489	0.756301931943798	145
0.0288944917640499	1.0191869890738	227
0.0724131424015999	1.72666966927033	640
0.0165448668291399	0.759410563089855	640
0.00727568676764001	0.764893675986884	68
-0.09328768438816	1.87898039627551	68
-0.11558856128569	1.23297280764308	2515
-0.0175902174126199	0.550484114851072	1231
0.00573816335918997	0.764108055072956	58
-0.0977395952190401	1.2156094664062	58
-0.02415026402579	0.550475389646869	31
-0.0175902174126199	0.550484114851072	369
-0.10242921546217	1.21603218420077	31
0.01129840522229	0.763582575492988	651
-0.0190735236970101	0.549621946077532	651
-0.0229578492434499	0.552861579278889	165
-0.01793915586182	0.550681864442582	107
-0.0171990042076899	0.549264213163276	281
-0.0222113149496199	0.551599382638492	261
-0.0226179329145799	0.552416088281882	281
-0.01867963642989	0.551199515777305	35
-0.10213866234281	1.22427119358498	227
0.0653311060088599	1.52095644752634	640
0.02217945530813	1.02688778579296	68
0.0336071167225001	1.01473130594953	27
0.05237447232073	1.27607805995035	62
-0.06881533561517	2.08739453287717	461
-0.02187037799917	0.552145600192979	58
0.0367525523697601	1.00359456196321	58
0.0125363585454501	0.762850768189531	31
-0.01684905918208	0.549966932484854	107
-0.0226179329145799	0.552416088281882	430
-0.01833170548507	0.550474500519343	2159
-0.0201615854936801	0.55033415003984	2159
-0.0224999910392001	1.70845516504293	62
0.01778704217386	0.758349119765208	58
-0.01793915586182	0.550681864442582	58
-0.0237047183471799	0.553131982412369	58
-0.0194204462082701	0.551189226731038	651
-0.0269256257472901	0.552956033505307	651
-0.01867963642989	0.551199515777305	165
-0.01867963642989	0.551199515777305	734
-0.0194204462082701	0.551189226731038	281
0.0279806519479	1.01716417707732	2159
-0.0229578492434499	0.552861579278889	281
-0.0198410677985901	0.54965404061661	3093
-0.01867963642989	0.551199515777305	3093
-0.0194204462082701	0.551189226731038	788
-0.01867963642989	0.551199515777305	256
-0.0237047183471799	0.553131982412369	256
-0.0194204462082701	0.551189226731038	798
-0.01833170548507	0.550474500519343	256
0.02838464729894	1.01944578877465	62
0.04580094905663	1.29101392280263	2254
-0.10312323187153	1.22519374103777	58
0.00727568676764001	0.764893675986884	651
-0.02876377688911	0.553275796031429	165
-0.0194204462082701	0.551189226731038	165
-0.01793915586182	0.550681864442582	165
-0.0237047183471799	0.553131982412369	734
-0.0175902174126199	0.550484114851072	107
-0.0161082304962099	0.548551675553127	430
-0.0233658235888801	0.551742344860982	561
-0.0190906504648001	0.550321617620206	88
-0.01867963642989	0.551199515777305	630
-0.0175902174126199	0.550484114851072	256
0.00665901307583994	0.765261578783683	651
0.0211617750113899	1.02864109830435	651
0.06375165409169	1.52472637906599	165
0.06560558622229	1.52224991629661	165
0.01624146650967	0.757911091286895	281
-0.0237047183471799	0.553131982412369	88
-0.0190906504648001	0.550321617620206	1411
0.0196976945938701	0.754364554964536	256
0.0119175278396799	0.763411251497296	301
0.0475630739055699	1.28937299773222	145
0.0165448668291399	0.759410563089855	227
-0.0941971391887	1.88228568362369	640
-0.0208259635663599	1.70605345213848	68
0.0192676060575401	1.02775995909835	68
-0.0182734884446001	1.70512779716748	461
0.00573816335918997	0.764108055072956	58
-0.0161082304962099	0.548551675553127	651
0.0168631287751999	0.757214073923297	107
-0.0229578492434499	0.552861579278889	107
-0.01867963642989	0.551199515777305	873
-0.0175902174126199	0.550484114851072	281
-0.02187037799917	0.552145600192979	814
-0.02187037799917	0.552145600192979	814
-0.0222113149496199	0.551599382638492	1411
-0.0233658235888801	0.551742344860982	1411
-0.0229578492434499	0.552861579278889	1541
-0.0226179329145799	0.552416088281882	59
-0.01793915586182	0.550681864442582	1338
-0.0226179329145799	0.552416088281882	145
-0.0161082304962099	0.548551675553127	27
0.0767317783299899	1.71586863398735	59
0.0341146906365399	1.01378875669284	62
0.0476960433921001	1.29280531683243	62
-0.0983571912669201	1.89391595509276	1385
0.0171661011528299	0.75904802450482	58
-0.0229578492434499	0.552861579278889	1937
-0.0175902174126199	0.550484114851072	651
0.01778704217386	0.758349119765208	165
-0.0171990042076899	0.549264213163276	2006
-0.01833170548507	0.550474500519343	88
-0.01684905918208	0.549966932484854	1411
-0.01867963642989	0.551199515777305	138
-0.0175902174126199	0.550484114851072	27
-0.024451922565	0.552456091331436	461
-0.01793915586182	0.550681864442582	59
-0.01684905918208	0.549966932484854	59
-0.0175902174126199	0.550484114851072	145
-0.0194204462082701	0.551189226731038	227
-0.01867963642989	0.551199515777305	2556
-0.0201615854936801	0.55033415003984	1385
-0.0201615854936801	0.55033415003984	58
-0.0237047183471799	0.553131982412369	201
-0.01793915586182	0.550681864442582	145
-0.02187037799917	0.552145600192979	68
-0.01406510425906	0.548397333153719	2556
-0.01684905918208	0.549966932484854	31
-0.0194204462082701	0.551189226731038	4143
-0.0226179329145799	0.552416088281882	651
-0.01834057120307	0.550050642444883	201
-0.0226179329145799	0.552416088281882	145
-0.0211231585375999	0.550885444723327	589
-0.01867963642989	0.551199515777305	2556
-0.0190735236970101	0.549621946077532	228
-0.0148090882885701	0.548389809404095	976
-0.0211231585375999	0.550885444723327	461
-0.0148090882885701	0.548389809404095	461
-0.01834057120307	0.550050642444883	2254
-0.0175902174126199	0.550484114851072	143
0.04914621856888	1.28673910443437	145
-0.01406510425906	0.548397333153719	27
-0.0161082304962099	0.548551675553127	4269
-0.10785973143617	1.22931032174041	461
-0.02370455438621	1.71227909719136	687
0.0162571314550599	1.0316880595547	3521
0.0247375467851501	1.02600797208634	3521
0.0202865462142701	1.02601109734255	676
-0.01834057120307	0.550050642444883	4039
0.02124601983105	0.754324576611081	143
-0.0237047183471799	0.553131982412369	1937
-0.01867963642989	0.551199515777305	3860
-0.01833170548507	0.550474500519343	261
-0.0269256257472901	0.552956033505307	261
-0.0175902174126199	0.550484114851072	88
-0.01833170548507	0.550474500519343	1541
-0.0148090882885701	0.548389809404095	97
0.0226880220846499	1.02519015650449	145
0.04295248141019	1.29647426623786	640
0.0401194567793901	1.29580787557619	3
0.0125363585454501	0.762850768189531	449
0.0168631287751999	0.757214073923297	1253
0.0116143427219699	0.761700246788856	62
-0.0237047183471799	0.553131982412369	58
-0.01684905918208	0.549966932484854	58
0.0210918052581399	1.02451902025172	2229
0.02124601983105	0.754324576611081	143
0.0109947834108299	0.762259539823454	31
-0.02415026402579	0.550475389646869	87
-0.01684905918208	0.549966932484854	108
0.01072792411642	0.760860178991134	651
-0.01867963642989	0.551199515777305	261
-0.0133214523362899	0.547881190959341	1262
-0.01793915586182	0.550681864442582	1541
-0.0378699354965599	1.72683148757476	227
0.0448077006342	1.29596924233516	492
-0.0265163918318401	1.71354658502717	492
0.01669722288577	1.03097103307075	62
0.03224917539475	1.0111969177692	58
0.0247375467851501	1.02600797208634	201
-0.0148090882885701	0.548389809404095	201
0.0165448668291399	0.759410563089855	719
0.0109947834108299	0.762259539823454	651
-0.0233658235888801	0.551742344860982	1660
-0.0171990042076899	0.549264213163276	142
-0.0226179329145799	0.552416088281882	873
-0.0201615854936801	0.55033415003984	88
0.00763807693430008	0.758859503039232	589
-0.01867963642989	0.551199515777305	227
-0.01867963642989	0.551199515777305	640
0.01599197035305	0.758811048932772	68
-0.01834057120307	0.550050642444883	68
0.0280897854790601	1.02079996471465	138
-0.0226179329145799	0.552416088281882	228
-0.0194204462082701	0.551189226731038	228
-0.0269256257472901	0.552956033505307	62
-0.01793915586182	0.550681864442582	60
0.05865312214469	1.53098603370521	58
-0.0562227532845401	1.48640346074342	719
-0.0539668789610299	1.4789650695566	143
-0.0161082304962099	0.548551675553127	651
-0.0175902174126199	0.550484114851072	142
-0.01867963642989	0.551199515777305	88
-0.0161082304962099	0.548551675553127	88
0.0184076901328201	0.75723648157268	256
-0.0194204462082701	0.551189226731038	749
0.00604204889011006	0.765135241638034	256
0.0241259353643599	1.0249723983371	492
-0.0576726913511101	1.49762912413729	586
0.0116143427219699	0.761700246788856	2734
0.0147296744359999	1.03134153308848	1046
0.01624146650967	0.757911091286895	228
-0.0233658235888801	0.551742344860982	62
0.02059305961465	1.02776251937271	1253
0.0122607480333199	0.759343175819905	62
-0.0190735236970101	0.549621946077532	60
-0.01867963642989	0.551199515777305	461
0.0620889010339001	1.52916660101846	58
-0.01793915586182	0.550681864442582	143
-0.0161082304962099	0.548551675553127	143
-0.0226179329145799	0.552416088281882	1860
-0.0211231585375999	0.550885444723327	143
-0.0330973152037799	0.553408349636547	143
-0.0226179329145799	0.552416088281882	651
-0.02801043708842	0.553669292297474	3302
-0.01833170548507	0.550474500519343	88
-0.0175902174126199	0.550484114851072	1541
-0.01833170548507	0.550474500519343	256
0.05066751107765	1.28013996974466	589
-0.0237047183471799	0.553131982412369	640
0.0248413569958701	1.02190389895282	1046
-0.01793915586182	0.550681864442582	68
-0.0261719333284201	0.551946229427137	228
-0.01684905918208	0.549966932484854	461
0.01284008349584	0.760648448535067	461
0.07537497669062	1.72362723185204	461
-0.10796311975278	1.22775870498421	3521
-0.0229578492434499	0.552861579278889	87
-0.0233936745368599	0.550862796636914	2295
-0.0284811602988899	0.55061642940329	281
-0.01867963642989	0.551199515777305	5421
0.0109947834108299	0.762259539823454	124
-0.01793915586182	0.550681864442582	1541
-0.0175902174126199	0.550484114851072	1541
-0.10406581548053	1.22348985171652	28
0.0134581848063	0.760090988436568	68
0.01592333896194	0.759438031046279	138
0.01778704217386	0.758349119765208	62
-0.01684905918208	0.549966932484854	62
-0.0575810257834699	1.49221560773019	461
0.0467061429526101	1.2943353914512	461
0.03031790937288	1.01748007495024	58
0.0428955017822199	1.29992696632699	58
0.05665879076869	1.52901419893538	58
-0.01684905918208	0.549966932484854	1860
0.01809055511489	0.756301931943798	651
-0.0511727133392199	1.48294457882566	651
-0.0175902174126199	0.550484114851072	1805
-0.024451922565	0.552456091331436	651
-0.01867963642989	0.551199515777305	111
0.01011394338886	0.761225303770816	142
0.0186856133156199	1.02891675942549	159
-0.01793915586182	0.550681864442582	185
-0.0237047183471799	0.553131982412369	5421
-0.01793915586182	0.550681864442582	88
-0.01833170548507	0.550474500519343	1827
-0.01833170548507	0.550474500519343	1541
-0.01793915586182	0.550681864442582	256
0.01752892429819	0.757151099994971	492
-0.0233658235888801	0.551742344860982	449
-0.01867963642989	0.551199515777305	3913
-0.10198311400129	1.21993634723184	1253
-0.0237047183471799	0.553131982412369	60
0.0119175278396799	0.763411251497296	60
0.0585824390252701	1.53472048865581	58
-0.0175902174126199	0.550484114851072	143
-0.01793915586182	0.550681864442582	111
-0.10292338050295	1.21729530742576	142
-0.0226179329145799	0.552416088281882	185
-0.01834057120307	0.550050642444883	3302
0.00604204889011006	0.765135241638034	124
-0.0175908297052101	0.54879582421027	284
-0.0237047183471799	0.553131982412369	427
-0.0190906504648001	0.550321617620206	589
-0.0237047183471799	0.553131982412369	28
-0.0171990042076899	0.549264213163276	3
-0.0194204462082701	0.551189226731038	62
-0.0194204462082701	0.551189226731038	62
-0.02187037799917	0.552145600192979	116
-0.0133214523362899	0.547881190959341	58
0.0428955017822199	1.29992696632699	58
-0.01867963642989	0.551199515777305	143
-0.0190906504648001	0.550321617620206	143
-0.0229578492434499	0.552861579278889	719
-0.0175902174126199	0.550484114851072	87
0.0247375467851501	1.02600797208634	143
0.0388771535047501	1.00352553708052	651
-0.0226179329145799	0.552416088281882	651
0.01809055511489	0.756301931943798	111
0.00975478718977008	0.762163263594681	159
-0.0269256257472901	0.552956033505307	873
-0.0194204462082701	0.551189226731038	88
-0.01834057120307	0.550050642444883	1541
-0.02187037799917	0.552145600192979	1541
-0.0175902174126199	0.550484114851072	1541
-0.02725743812157	0.552658014762978	427
-0.0229578492434499	0.552861579278889	256
-0.0194204462082701	0.551189226731038	2401
-0.01793915586182	0.550681864442582	492
0.01748449744128	0.756105395003867	492
-0.0190735236970101	0.549621946077532	449
-0.01867963642989	0.551199515777305	461
0.0241259353643599	1.0249723983371	143
0.01164779509617	0.760199741312899	1399
-0.0237047183471799	0.553131982412369	108
-0.01867963642989	0.551199515777305	873
0.06609108580179	1.73377720706231	124
0.0119175278396799	0.763411251497296	88
-0.0229578492434499	0.552861579278889	284
0.02000911746325	0.755377623377746	256
-0.01793915586182	0.550681864442582	256
0.0125363585454501	0.762850768189531	256
-0.01834057120307	0.550050642444883	97
-0.01793915586182	0.550681864442582	28
-0.0226179329145799	0.552416088281882	492
0.0171661011528299	0.75904802450482	492
-0.0229578492434499	0.552861579278889	68
-0.02187037799917	0.552145600192979	27
-0.01867963642989	0.551199515777305	228
-0.0226179329145799	0.552416088281882	449
-0.01867963642989	0.551199515777305	58
-0.0237047183471799	0.553131982412369	58
0.0697067211081701	1.51018685116772	58
0.01624146650967	0.757911091286895	143
0.0122336098195099	0.760696390018375	87
-0.10455866572063	1.22328908823716	159
-0.0148090882885701	0.548389809404095	873
-0.0226179329145799	0.552416088281882	873
-0.01833170548507	0.550474500519343	873
-0.0148090882885701	0.548389809404095	124
-0.01867963642989	0.551199515777305	3269
-0.0229578492434499	0.552861579278889	3269
-0.0190906504648001	0.550321617620206	256
0.0169137793345999	0.758148594472621	427
-0.02876377688911	0.553275796031429	145
0.0116143427219699	0.761700246788856	145
-0.01406510425906	0.548397333153719	28
-0.0237047183471799	0.553131982412369	449
-0.0226179329145799	0.552416088281882	449
-0.01867963642989	0.551199515777305	449
-0.0211231585375999	0.550885444723327	2878
0.01129840522229	0.763582575492988	143
-0.0175902174126199	0.550484114851072	651
-0.10395640253913	1.22212134799594	142
-0.01684905918208	0.549966932484854	159
-0.01406510425906	0.548397333153719	88
-0.0237047183471799	0.553131982412369	256
-0.0211231585375999	0.550885444723327	28
-0.0171990042076899	0.549264213163276	492
-0.0237047183471799	0.553131982412369	492
-0.01406510425906	0.548397333153719	228
-0.0237047183471799	0.553131982412369	1945
-0.01684905918208	0.549966932484854	2878
-0.01684905918208	0.549966932484854	116
-0.01867963642989	0.551199515777305	143
-0.01833170548507	0.550474500519343	143
0.0122336098195099	0.760696390018375	143
0.0288944917640499	1.0191869890738	651
-0.10592906114768	1.2279102410131	651
0.0298086414302301	1.01807488376152	108
-0.0190735236970101	0.549621946077532	2072
-0.01867963642989	0.551199515777305	3599
0.01284008349584	0.760648448535067	142
0.02838464729894	1.01944578877465	88
0.01778704217386	0.758349119765208	88
0.0171661011528299	0.75904802450482	28
0.0452568082071601	1.29291629272067	586
0.0293938861026599	1.01608282740075	138
-0.0201615854936801	0.55033415003984	27
0.00727568676764001	0.764893675986884	228
-0.0229578492434499	0.552861579278889	228
-0.0161082304962099	0.548551675553127	1945
-0.0175902174126199	0.550484114851072	62
-0.0171990042076899	0.549264213163276	62
-0.0190906504648001	0.550321617620206	1419
0.0202865462142701	1.02601109734255	58
-0.01867963642989	0.551199515777305	143
-0.01833170548507	0.550474500519343	143
-0.10346572361335	1.2213228672274	143
0.0472362201849801	1.2935192893122	87
0.01407599498447	0.759090320592301	87
-0.02187037799917	0.552145600192979	87
-0.01833170548507	0.550474500519343	108
-0.0190906504648001	0.550321617620206	1601
-0.0148090882885701	0.548389809404095	2360
0.01778704217386	0.758349119765208	1541
-0.02187037799917	0.552145600192979	427
-0.0175902174126199	0.550484114851072	3154
-0.0161082304962099	0.548551675553127	28
-0.0976947839168001	1.21092766222607	492
-0.0175902174126199	0.550484114851072	492
-0.01793915586182	0.550681864442582	138
-0.01406510425906	0.548397333153719	138
-0.01793915586182	0.550681864442582	58
-0.0148090882885701	0.548389809404095	58
-0.01793915586182	0.550681864442582	143
-0.02187037799917	0.552145600192979	2455
0.02280435656283	1.0244268012757	88
-0.0171990042076899	0.549264213163276	88
-0.0229578492434499	0.552861579278889	97
-0.0133214523362899	0.547881190959341	1931
0.02565217044963	1.02488978075624	28
-0.10297134909731	1.2212501524651	28
0.00758952045862005	0.761066710009692	138
-0.0175902174126199	0.550484114851072	228
0.02036346054032	2.06583681845437	1946
-0.01793915586182	0.550681864442582	617
0.0292991861709899	1.01833338602226	116
0.02110027193831	1.02682674459202	58
0.00665901307583994	0.765261578783683	58
0.00665901307583994	0.765261578783683	143
-0.0175902174126199	0.550484114851072	143
0.0324258256988399	1.01372733165958	143
0.0122336098195099	0.760696390018375	143
0.0186856133156199	1.02891675942549	143
-0.01793915586182	0.550681864442582	651
0.00292769744481003	0.763131319483396	651
0.0113416165699001	0.760002527897141	3265
-0.01867963642989	0.551199515777305	142
-0.0190735236970101	0.549621946077532	281
-0.0201615854936801	0.55033415003984	1446
-0.0226179329145799	0.552416088281882	256
-0.0171990042076899	0.549264213163276	3154
0.05557288197573	1.53571597692564	492
-0.10747094873141	1.22729703796265	3
0.04730332871855	1.2879363164096	138
0.0134581848063	0.760090988436568	228
0.0605956294685199	1.52559439997029	436
0.0307231004086601	1.01406756751816	1425
-0.0930153642467999	1.20354045778885	58
-0.0194204462082701	0.551189226731038	58
0.01624146650967	0.757911091286895	143
-0.01833170548507	0.550474500519343	143
-0.0201615854936801	0.55033415003984	87
-0.0261719333284201	0.551946229427137	87
0.0116143427219699	0.761700246788856	651
-0.0175902174126199	0.550484114851072	3265
-0.02767965965745	0.552564085173501	281
-0.01833170548507	0.550474500519343	3831
-0.0222113149496199	0.551599382638492	4095
-0.0175902174126199	0.550484114851072	5239
-0.0598579762479301	1.4971748880792	492
0.02565217044963	1.02488978075624	492
-0.0133214523362899	0.547881190959341	1013
-0.02187037799917	0.552145600192979	108
-0.0175902174126199	0.550484114851072	142
-0.01833170548507	0.550474500519343	142
-0.01867963642989	0.551199515777305	124
0.01561951040345	0.758273432029444	382
-0.0175908297052101	0.54879582421027	382
-0.01867963642989	0.551199515777305	2979
-0.0211231585375999	0.550885444723327	3451
-0.01867963642989	0.551199515777305	3451
0.0907205610416899	1.86751526800001	28
-0.01684905918208	0.549966932484854	492
-0.03879678386817	2.23495580012562	138
-0.0175902174126199	0.550484114851072	138
0.0122336098195099	0.760696390018375	58
-0.0226179329145799	0.552416088281882	1321
0.00512046256540999	0.763983990824277	143
-0.00258052480508009	1.9096038510368	143
0.02124601983105	0.754324576611081	3447
-0.0171990042076899	0.549264213163276	143
0.0103749316466599	0.762431636633961	2386
-0.0201615854936801	0.55033415003984	124
-0.02876377688911	0.553275796031429	353
-0.01833170548507	0.550474500519343	2352
-0.01867963642989	0.551199515777305	492
-0.0175902174126199	0.550484114851072	116
-0.02677779795983	1.71722134426997	461
-0.0237047183471799	0.553131982412369	58
-0.01833170548507	0.550474500519343	2255
0.02463486746352	1.02536071648027	143
-0.02187037799917	0.552145600192979	143
0.00665901307583994	0.765261578783683	87
-0.10736566006625	1.22951384544957	108
-0.0175902174126199	0.550484114851072	3346
0.0165448668291399	0.759410563089855	124
-0.0237047183471799	0.553131982412369	88
-0.0229578492434499	0.552861579278889	2352
-0.11090489085783	1.23219954613407	492
-0.0229578492434499	0.552861579278889	492
0.0278746151668801	1.01935273753289	436
0.10198239946132	2.20518033531011	436
-0.0148090882885701	0.548389809404095	2255
0.08019569891103	1.90698539156313	143
0.01778704217386	0.758349119765208	143
-0.0229578492434499	0.552861579278889	143
-0.0323377680085399	0.553061660492431	87
-0.01834057120307	0.550050642444883	2363
0.01624146650967	0.757911091286895	142
-0.01867963642989	0.551199515777305	124
0.00819560269860009	0.762135663950305	124
0.0119175278396799	0.763411251497296	353
-0.01867963642989	0.551199515777305	353
0.0106789904542199	0.763311198004635	124
0.03587903310198	1.30666110692026	228
0.03632054188844	1.30568866226623	436
-0.11076264740338	1.2332872822926	436
0.0336071167225001	1.01473130594953	1425
-0.0237047183471799	0.553131982412369	58
0.000775860295600062	0.765038330572272	58
0.0169137793345999	0.758148594472621	2394
-0.0635710254289099	2.07095197119412	143
-0.10203000831626	1.21990399666934	143
-0.02725743812157	0.552658014762978	143
-0.01867963642989	0.551199515777305	87
0.01624146650967	0.757911091286895	4294
-0.0222113149496199	0.551599382638492	4294
0.0171661011528299	0.75904802450482	111
-0.01834057120307	0.550050642444883	88
-0.0194204462082701	0.551189226731038	88
-0.01833170548507	0.550474500519343	256
-0.06188271411832	1.49872277899238	28
-0.01867963642989	0.551199515777305	492
-0.1118880508397	1.23199163864212	28
0.0321022409756	1.30977037755486	28
-0.0511663435132701	1.48204961140291	492
0.04348018787107	1.29697472334135	436
-0.0201615854936801	0.55033415003984	116
0.00696343909186004	0.762378238498202	58
-0.01684905918208	0.549966932484854	2255
-0.0237047183471799	0.553131982412369	2255
-0.01793915586182	0.550681864442582	2255
-0.0194204462082701	0.551189226731038	1777
-0.02725743812157	0.552658014762978	4294
0.0109947834108299	0.762259539823454	618
-0.0211231585375999	0.550885444723327	124
0.0165448668291399	0.759410563089855	5447
0.01747004335381	0.756663056048577	5447
0.02124601983105	0.754324576611081	88
-0.01833170548507	0.550474500519343	2950
-0.01684905918208	0.549966932484854	3917
-0.01867963642989	0.551199515777305	256
-0.01793915586182	0.550681864442582	97
0.0149972602149799	0.758302386104218	58
-0.0294969260690201	1.71942735395415	143
-0.0148090882885701	0.548389809404095	1970
-0.0580697633254501	1.49532748283675	618
0.0247375467851501	1.02600797208634	2363
0.01592333896194	0.759438031046279	142
-0.01793915586182	0.550681864442582	1548
-0.01793915586182	0.550681864442582	124
-0.0237047183471799	0.553131982412369	2219
-0.02801043708842	0.553669292297474	124
-0.01867963642989	0.551199515777305	5447
0.00727568676764001	0.764893675986884	353
0.0215521815141499	0.754354654287299	353
-0.0175902174126199	0.550484114851072	353
-0.01833170548507	0.550474500519343	2953
-0.02725743812157	0.552658014762978	4961
-0.01406510425906	0.548397333153719	3
-0.03680134107261	2.21850930758469	138
-0.06451371948126	1.50543823131468	58
-0.0190906504648001	0.550321617620206	2255
0.0125363585454501	0.762850768189531	1777
0.07892488784329	1.71550402224206	143
0.01599197035305	0.758811048932772	3447
0.01574816170212	1.0321195333085	143
-0.024451922565	0.552456091331436	108
-0.01684905918208	0.549966932484854	108
0.01624146650967	0.757911091286895	142
-0.01684905918208	0.549966932484854	353
-0.01684905918208	0.549966932484854	3757
-0.02187037799917	0.552145600192979	97
-0.09385384035614	1.8785987621767	27
-0.09488874808113	1.87855329892395	27
0.04354814865333	1.29542350611445	1425
-0.0229578492434499	0.552861579278889	58
-0.02801043708842	0.553669292297474	58
-0.0226179329145799	0.552416088281882	2255
-0.0175902174126199	0.550484114851072	143
-0.0562646703825001	1.49029628366026	143
-0.0229578492434499	0.552861579278889	143
-0.0269256257472901	0.552956033505307	143
-0.0237047183471799	0.553131982412369	143
-0.0229578492434499	0.552861579278889	4617
-0.0194204462082701	0.551189226731038	1548
-0.0222113149496199	0.551599382638492	124
0.0171661011528299	0.75904802450482	353
-0.0148090882885701	0.548389809404095	353
0.01747004335381	0.756663056048577	88
-0.0175902174126199	0.550484114851072	88
-0.0175902174126199	0.550484114851072	88
-0.0190906504648001	0.550321617620206	1244
-0.0237047183471799	0.553131982412369	256
-0.0229578492434499	0.552861579278889	492
-0.02725743812157	0.552658014762978	1778
-0.10119623943359	1.22034176586668	143
0.0116143427219699	0.761700246788856	143
-0.01833170548507	0.550474500519343	143
-0.06267847044064	1.50242296177423	108
0.0467762546099599	1.29382340504176	618
-0.0175902174126199	0.550484114851072	111
-0.01833170548507	0.550474500519343	4439
-0.01684905918208	0.549966932484854	3598
-0.0226179329145799	0.552416088281882	1630
-0.01867963642989	0.551199515777305	88
0.06467026681264	1.52143041556891	492
-0.05342714957621	1.48357908166549	27
0.0500647453496601	1.28302019716956	436
-0.10597263405153	1.22287424948109	60
0.07420888064867	1.7175309932491	60
-0.11076264740338	1.2332872822926	116
0.01129840522229	0.763582575492988	58
0.0207236956449399	1.02914632111417	2255
-0.01684905918208	0.549966932484854	143
-0.0175902174126199	0.550484114851072	108
0.01748449744128	0.756105395003867	353
-0.0194204462082701	0.551189226731038	124
-0.0201615854936801	0.55033415003984	3757
-0.05975459967135	1.49159393426515	28
0.02565217044963	1.02488978075624	3
-0.0634009244604901	1.49584427470876	3
-0.05018235467504	1.48122914139649	138
0.01407599498447	0.759090320592301	228
0.0106789904542199	0.763311198004635	116
-0.0190906504648001	0.550321617620206	2255
0.0109947834108299	0.762259539823454	2255
0.01285258494261	0.758773052262144	2255
-0.01867963642989	0.551199515777305	143
-0.024451922565	0.552456091331436	143
-0.02187037799917	0.552145600192979	2363
-0.01793915586182	0.550681864442582	2363
-0.01793915586182	0.550681864442582	111
-0.0226179329145799	0.552416088281882	3540
0.0344956028661001	1.30579104030578	28
-0.02187037799917	0.552145600192979	3
-0.01684905918208	0.549966932484854	58
-0.0222113149496199	0.551599382638492	2255
-0.0229578492434499	0.552861579278889	2306
0.0231004666979899	1.02477328446425	143
0.0106789904542199	0.763311198004635	108
-0.0161082304962099	0.548551675553127	111
0.0149972602149799	0.758302386104218	124
0.0335056952552	1.0124697724784	138
0.0392109459847401	1.30304086604622	2531
0.00604204889011006	0.765135241638034	4866
-0.01867963642989	0.551199515777305	58
-0.10981854405075	1.23193117012239	58
0.0168492385878301	0.756691810281742	2255
0.0197590680728199	0.753469688900738	143
0.02000911746325	0.755377623377746	143
0.0171661011528299	0.75904802450482	143
-0.11464347259909	1.23567919171849	143
-0.0233658235888801	0.551742344860982	143
-0.0226179329145799	0.552416088281882	108
0.0125363585454501	0.762850768189531	142
0.00727568676764001	0.764893675986884	142
-0.0222113149496199	0.551599382638492	483
-0.0133214523362899	0.547881190959341	427
-0.0148090882885701	0.548389809404095	28
0.03259140975132	1.01558119518689	1468
0.01752892429819	0.757151099994971	4866
0.0333713736726899	1.01294603249708	116
-0.10108820242438	1.21487337713279	878
0.02998103343741	1.01887443311445	58
0.0714940396833299	1.71780242228814	2255
-0.10182107847441	1.89733260370296	2255
-0.0683380343500799	1.5009698845557	2255
-0.0226179329145799	0.552416088281882	143
0.01160300652547	0.7605521945031	143
-0.01793915586182	0.550681864442582	143
-0.0226179329145799	0.552416088281882	108
-0.0229578492434499	0.552861579278889	108
-0.0229578492434499	0.552861579278889	108
0.01129840522229	0.763582575492988	618
-0.01867963642989	0.551199515777305	111
-0.01684905918208	0.549966932484854	142
-0.01684905918208	0.549966932484854	353
-0.01406510425906	0.548397333153719	138
0.0125363585454501	0.762850768189531	449
0.01129840522229	0.763582575492988	4678
0.01809055511489	0.756301931943798	878
0.0332018794371001	1.01253088606112	58
0.01748449744128	0.756105395003867	2255
-0.0194204462082701	0.551189226731038	143
0.0261605415731001	1.02407684478155	143
-0.01793915586182	0.550681864442582	143
0.0165448668291399	0.759410563089855	143
-0.01833170548507	0.550474500519343	743
0.00641522583124998	0.761180666319665	111
-0.01867963642989	0.551199515777305	618
-0.01793915586182	0.550681864442582	142
-0.0222113149496199	0.551599382638492	142
-0.0133214523362899	0.547881190959341	1672
-0.01257813221999	0.546472227688933	124
0.0462461154293801	1.29505017397218	4601
-0.0194204462082701	0.551189226731038	88
-0.01684905918208	0.549966932484854	28
0.02021444911343	1.02979291111824	46
0.0432366381050999	2.39131159541781	3228
-0.00739666289096008	1.91360151399062	492
-0.01867963642989	0.551199515777305	3
-0.0194204462082701	0.551189226731038	564
-0.0237047183471799	0.553131982412369	138
-0.0171990042076899	0.549264213163276	27
-0.01867963642989	0.551199515777305	27
-0.01867963642989	0.551199515777305	27
-0.02767965965745	0.552564085173501	436
-0.0161082304962099	0.548551675553127	436
0.0215521815141499	0.754354654287299	143
0.01445030549756	0.757441196639726	143
-0.1136979167657	1.23432680655132	143
-0.0133214523362899	0.547881190959341	1435
-0.0226179329145799	0.552416088281882	111
-0.01406510425906	0.548397333153719	111
-0.10894797304339	1.22716320719231	142
-0.0993821600537399	1.21408067359192	142
-0.01793915586182	0.550681864442582	4601
0.01592333896194	0.759438031046279	1244
0.0275813275115999	1.02122707870778	427
-0.01867963642989	0.551199515777305	1765
-0.01867963642989	0.551199515777305	28
-0.11513636184698	1.23641793129181	46
-0.0229578492434499	0.552861579278889	492
-0.0233658235888801	0.551742344860982	436
-0.0190906504648001	0.550321617620206	116
-0.01793915586182	0.550681864442582	58
-0.11958346336538	2.22348355086062	143
0.01568262168429	0.758873820806681	143
-0.0175902174126199	0.550484114851072	111
-0.0190906504648001	0.550321617620206	4601
0.0184076901328201	0.75723648157268	3605
-0.01684905918208	0.549966932484854	46
-0.02187037799917	0.552145600192979	46
-0.02187037799917	0.552145600192979	28
-0.01793915586182	0.550681864442582	3
0.0119175278396799	0.763411251497296	564
-0.01684905918208	0.549966932484854	2047
-0.0175902174126199	0.550484114851072	138
0.0261605415731001	1.02407684478155	138
-0.01793915586182	0.550681864442582	27
0.0119175278396799	0.763411251497296	436
-0.0237047183471799	0.553131982412369	143
-0.01833170548507	0.550474500519343	1435
-0.0211231585375999	0.550885444723327	1397
-0.0161082304962099	0.548551675553127	483
-0.0194204462082701	0.551189226731038	88
-0.0211231585375999	0.550885444723327	1661
-0.0211231585375999	0.550885444723327	27
-0.0237047183471799	0.553131982412369	1478
-0.0194204462082701	0.551189226731038	4678
0.01445030549756	0.757441196639726	436
-0.0222113149496199	0.551599382638492	436
-0.0252801469958299	1.71828649087421	81
0.0165448668291399	0.759410563089855	143
-0.11608176504234	1.2337090519387	1435
0.01129840522229	0.763582575492988	142
-0.0194204462082701	0.551189226731038	5030
-0.0194204462082701	0.551189226731038	1244
-0.0175902174126199	0.550484114851072	427
-0.01793915586182	0.550681864442582	28
0.00665901307583994	0.765261578783683	4689
-0.01684905918208	0.549966932484854	3
-0.02187037799917	0.552145600192979	138
-0.01684905918208	0.549966932484854	1478
0.0122216908150199	0.760819889603963	436
-0.01793915586182	0.550681864442582	436
0.0611642027752599	1.52676566604244	116
-0.10247714592743	1.2207878097138	58
-0.06231926081396	1.50165434444235	58
-0.10330784548358	1.89550706036015	143
-0.0161082304962099	0.548551675553127	81
-0.01867963642989	0.551199515777305	143
-0.0155534047254999	0.547544421448577	143
0.0206526612642	1.02885544987071	1595
-0.0194204462082701	0.551189226731038	111
-0.01793915586182	0.550681864442582	3022
-0.10701915471612	1.22947620869318	2179
-0.0194204462082701	0.551189226731038	88
-0.01793915586182	0.550681864442582	3
-0.0229578492434499	0.552861579278889	3
-0.0171990042076899	0.549264213163276	27
-0.024451922565	0.552456091331436	970
-0.0155534047254999	0.547544421448577	116
0.00139061851764	0.765952564890775	58
-0.10701915471612	1.22947620869318	58
-0.01793915586182	0.550681864442582	143
0.03672781227791	1.30068276670001	143
0.0250163580485501	0.74914716937243	124
-0.0261719333284201	0.551946229427137	1244
0.0168631287751999	0.757214073923297	1244
-0.0229578492434499	0.552861579278889	1070
-0.0171990042076899	0.549264213163276	1070
-0.0171990042076899	0.549264213163276	46
0.0486250990622901	1.28456301478308	436
-0.0226179329145799	0.552416088281882	436
-0.02187037799917	0.552145600192979	2255
-0.0194204462082701	0.551189226731038	81
-0.01684905918208	0.549966932484854	143
-0.024451922565	0.552456091331436	110
-0.0211231585375999	0.550885444723327	2882
0.0165448668291399	0.759410563089855	2882
-0.01833170548507	0.550474500519343	1397
0.0275813275115999	1.02122707870778	111
-0.0190735236970101	0.549621946077532	1388
-0.0161082304962099	0.548551675553127	4752
-0.01793915586182	0.550681864442582	2119
0.0153015173100599	0.759056625172602	2609
0.02903517183933	1.02204949492412	427
-0.01406510425906	0.548397333153719	3
-0.0161082304962099	0.548551675553127	3
-0.01684905918208	0.549966932484854	3
-0.0171990042076899	0.549264213163276	3
-0.0222113149496199	0.551599382638492	116
-0.01793915586182	0.550681864442582	878
-0.01833170548507	0.550474500519343	58
-0.01834057120307	0.550050642444883	58
-0.0226179329145799	0.552416088281882	2255
-0.0194204462082701	0.551189226731038	143
-0.01833170548507	0.550474500519343	143
-0.0175902174126199	0.550484114851072	143
0.0103749316466599	0.762431636633961	1397
-0.0133214523362899	0.547881190959341	142
0.01537580367915	0.759367033073816	312
-0.10346572361335	1.2213228672274	46
-0.0226374288987801	0.549856773054565	868
-0.01684905918208	0.549966932484854	970
-0.01867963642989	0.551199515777305	449
-0.0175902174126199	0.550484114851072	116
-0.024451922565	0.552456091331436	1638
0.0251436124525	1.02531786052478	88
0.0227870517039901	0.75256059627571	1244
-0.01867963642989	0.551199515777305	1244
-0.01684905918208	0.549966932484854	1244
-0.01684905918208	0.549966932484854	1790
-0.02767965965745	0.552564085173501	28
0.0168492385878301	0.756691810281742	3
-0.01793915586182	0.550681864442582	449
0.0184076901328201	0.75723648157268	436
0.01592333896194	0.759438031046279	116
0.0612376100610099	1.53031394192388	116
0.0197771674846401	1.02711534911104	58
-0.10543564029091	1.22723185964552	2751
0.0116143427219699	0.761700246788856	81
-0.0237047183471799	0.553131982412369	352
-0.05018235467504	1.48122914139649	488
-0.01684905918208	0.549966932484854	1638
-0.0171990042076899	0.549264213163276	4984
0.0321857641482	1.01406258130427	2609
-0.0211231585375999	0.550885444723327	1244
-0.0226179329145799	0.552416088281882	1244
-0.0222113149496199	0.551599382638492	427
-0.0229578492434499	0.552861579278889	46
-0.0171990042076899	0.549264213163276	28
-0.10494239030521	1.22610427020303	3
-0.0190906504648001	0.550321617620206	1766
-0.02187037799917	0.552145600192979	60
-0.01867963642989	0.551199515777305	116
-0.12467598322977	2.24112616040494	2255
-0.01867963642989	0.551199515777305	97
-0.0233936745368599	0.550862796636914	46
-0.0237047183471799	0.553131982412369	3
-0.0175902174126199	0.550484114851072	27
-0.0175902174126199	0.550484114851072	449
-0.0222113149496199	0.551599382638492	60
-0.11125605255829	1.23375150478604	2255
0.0116143427219699	0.761700246788856	81
-0.0269256257472901	0.552956033505307	81
-0.0198410677985901	0.54965404061661	81
0.01284008349584	0.760648448535067	143
-0.00291628049625992	0.763014838554454	143
-0.01793915586182	0.550681864442582	254
-0.0171990042076899	0.549264213163276	111
-0.01867963642989	0.551199515777305	1397
0.0242285957358399	1.02643660961203	142
-0.05306431033568	1.48055643725098	124
0.02838464729894	1.01944578877465	124
-0.0237047183471799	0.553131982412369	312
-0.0194204462082701	0.551189226731038	1244
-0.01867963642989	0.551199515777305	1244
-0.0175902174126199	0.550484114851072	97
-0.0668785746349001	1.50562561501756	28
-0.1146832362576	1.23525495582863	3
0.0257548876813101	1.02394917609879	3
-0.01867963642989	0.551199515777305	449
-0.10701915471612	1.22947620869318	116
-0.01793915586182	0.550681864442582	58
0.02707268742751	1.02127154106247	2255
-0.10785973143617	1.22931032174041	2255
-0.11080490215389	1.23236856126249	143
-0.01867963642989	0.551199515777305	1295
-0.0194204462082701	0.551189226731038	142
0.01592333896194	0.759438031046279	2609
-0.0194204462082701	0.551189226731038	312
0.0472362201849801	1.2935192893122	3
0.00850816361673989	0.762209812938476	449
-0.01793915586182	0.550681864442582	449
-0.0175908297052101	0.54879582421027	60
0.04578594542952	1.29535446852714	2255
-0.0175902174126199	0.550484114851072	352
-0.02876377688911	0.553275796031429	143
-0.0175902174126199	0.550484114851072	1138
-0.01867963642989	0.551199515777305	1138
-0.02187037799917	0.552145600192979	1138
-0.01833170548507	0.550474500519343	142
-0.0226179329145799	0.552416088281882	205
-0.01833170548507	0.550474500519343	205
-0.0148090882885701	0.548389809404095	2609
0.0237856323831001	0.749532235889444	28
0.02000911746325	0.755377623377746	28
0.02000911746325	0.755377623377746	449
-0.10263086194744	1.22494757686701	60
-0.01684905918208	0.549966932484854	854
0.0119175278396799	0.763411251497296	60
-0.0222113149496199	0.551599382638492	60
0.01747004335381	0.756663056048577	116
0.0116143427219699	0.761700246788856	485
-0.0222113149496199	0.551599382638492	2691
0.02052764242088	1.02493605915265	81
-0.02725743812157	0.552658014762978	58
0.00697269206835993	0.76287814744911	58
-0.01867963642989	0.551199515777305	2255
0.02505408571211	1.02091714719233	2255
-0.01406510425906	0.548397333153719	2255
-0.0977834051413	1.21302617074893	2255
0.0482898570069701	1.2853926708017	2255
-0.10471854052035	1.2188549216676	143
-0.0226179329145799	0.552416088281882	143
-0.0194204462082701	0.551189226731038	1138
-0.01684905918208	0.549966932484854	1934
-0.01833170548507	0.550474500519343	403
-0.0590618748982501	1.49598811493937	28
-0.01793915586182	0.550681864442582	3
0.02524631072753	1.02519389960119	28
-0.01867963642989	0.551199515777305	854
0.02463486746352	1.02536071648027	81
0.0247375467851501	1.02600797208634	2255
-0.01793915586182	0.550681864442582	2255
0.04394867464523	1.28742626922907	143
0.0285270272181699	1.02247697237609	143
0.03269391507925	1.0134708996962	143
-0.01684905918208	0.549966932484854	1138
-0.01867963642989	0.551199515777305	1138
0.01568262168429	0.758873820806681	1138
0.02124601983105	0.754324576611081	254
-0.01833170548507	0.550474500519343	5125
0.01537580367915	0.759367033073816	142
-0.0175902174126199	0.550484114851072	205
0.0171661011528299	0.75904802450482	3
0.02124601983105	0.754324576611081	27
-0.0175902174126199	0.550484114851072	27
-0.01867963642989	0.551199515777305	449
0.0119175278396799	0.763411251497296	485
0.0577998400166	1.53122532476344	2255
0.0817884242032701	2.08216927933494	2255
-0.0623336406528801	1.4998115105808	143
0.0206595089923101	1.02401539879811	1138
0.02838464729894	1.01944578877465	254
0.01809055511489	0.756301931943798	1332
-0.0237047183471799	0.553131982412369	97
0.0594328238992099	1.53207334462706	3619
-0.01833170548507	0.550474500519343	3
-0.01793915586182	0.550681864442582	3
-0.02187037799917	0.552145600192979	27
-0.02187037799917	0.552145600192979	116
-0.0967550659445999	1.21259218367152	81
-0.01793915586182	0.550681864442582	143
0.0468425454622099	1.2888212348647	143
-0.0148090882885701	0.548389809404095	1138
-0.01833170548507	0.550474500519343	1332
-0.0229578492434499	0.552861579278889	111
0.0251436124525	1.02531786052478	142
0.00261926804877	0.765211121392914	142
-0.0237047183471799	0.553131982412369	332
-0.02187037799917	0.552145600192979	2609
-0.0133214523362899	0.547881190959341	403
-0.0269256257472901	0.552956033505307	1244
-0.0549376354526401	1.48602523363935	28
-0.0175908297052101	0.54879582421027	3
-0.01406510425906	0.548397333153719	854
-0.11045021434801	1.22844478325435	2255
0.03082699011749	1.01653460397661	143
0.04488202299615	1.29341715871197	143
0.04486517769634	1.29465107556073	143
0.0340132506823101	1.01221277909953	1138
0.0247375467851501	1.02600797208634	110
-0.10691641588264	1.22795457827845	254
0.0304886827555499	1.01806672323414	254
-0.01867963642989	0.551199515777305	254
-0.0229578492434499	0.552861579278889	254
-0.0175902174126199	0.550484114851072	5125
0.0149972602149799	0.758302386104218	1332
-0.01833170548507	0.550474500519343	142
-0.0175902174126199	0.550484114851072	205
-0.01793915586182	0.550681864442582	332
0.01129840522229	0.763582575492988	124
-0.0175902174126199	0.550484114851072	2609
-0.0190906504648001	0.550321617620206	403
-0.01406510425906	0.548397333153719	427
-0.0195266131978	1.70624923100394	3619
-0.0201615854936801	0.55033415003984	854
-0.01867963642989	0.551199515777305	81
0.0362414943132701	1.30564542714147	2255
-0.0269256257472901	0.552956033505307	143
0.0298086414302301	1.01807488376152	143
-0.0190906504648001	0.550321617620206	1295
0.0165448668291399	0.759410563089855	111
-0.01793915586182	0.550681864442582	111
-0.0237047183471799	0.553131982412369	649
-0.01833170548507	0.550474500519343	142
-0.0175902174126199	0.550484114851072	332
-0.0194204462082701	0.551189226731038	88
-0.01867963642989	0.551199515777305	1244
0.04453879289458	1.28981934435051	28
-0.02725743812157	0.552658014762978	3619
-0.0175902174126199	0.550484114851072	28
0.0116143427219699	0.761700246788856	27
0.0134581848063	0.760090988436568	970
-0.0237047183471799	0.553131982412369	449
-0.0222113149496199	0.551599382638492	436
-0.0320151988527999	0.552700439493262	854
-0.01406510425906	0.548397333153719	485
-0.11269388829788	1.23102729798033	2117
0.0106789904542199	0.763311198004635	143
-0.0133214523362899	0.547881190959341	143
0.0284906974608501	1.01657017770885	143
-0.0194204462082701	0.551189226731038	254
0.00727568676764001	0.764893675986884	1332
0.00975478718977008	0.762163263594681	2609
-0.01793915586182	0.550681864442582	3425
-0.0482909301718399	1.47356221221239	28
-0.01793915586182	0.550681864442582	28
0.0320266098303801	1.30882273830417	27
-0.0161082304962099	0.548551675553127	436
-0.01793915586182	0.550681864442582	854
-0.02187037799917	0.552145600192979	854
-0.01833170548507	0.550474500519343	485
-0.0207325737128501	1.71138084108202	575
-0.01867963642989	0.551199515777305	143
0.0206277143186899	0.755017748186865	1138
0.02565217044963	1.02488978075624	142
-0.01867963642989	0.551199515777305	142
0.0171661011528299	0.75904802450482	332
-0.01793915586182	0.550681864442582	332
0.0119175278396799	0.763411251497296	157
0.0162983452085099	0.758703814770182	2179
-0.0237047183471799	0.553131982412369	88
-0.0211231585375999	0.550885444723327	1244
-0.10263749926747	1.89857328109483	4713
-0.0226179329145799	0.552416088281882	28
-0.01406510425906	0.548397333153719	28
0.01072792411642	0.760860178991134	28
-0.02876377688911	0.553275796031429	27
-0.0229578492434499	0.552861579278889	27
-0.0190906504648001	0.550321617620206	970
-0.10526270048439	1.89692104356107	1186
-0.10796311975278	1.22775870498421	5263
-0.01833170548507	0.550474500519343	143
-0.0233658235888801	0.551742344860982	143
-0.05531907326272	1.48615832312132	1832
-0.01406510425906	0.548397333153719	142
-0.01833170548507	0.550474500519343	88
0.0119175278396799	0.763411251497296	5480
0.0332018794371001	1.01253088606112	1244
-0.02187037799917	0.552145600192979	1244
-0.01833170548507	0.550474500519343	1244
0.0162281405764699	0.756314977892655	789
-0.01793915586182	0.550681864442582	427
-0.02187037799917	0.552145600192979	97
-0.02801043708842	0.553669292297474	97
-0.09548242716241	2.41435963090588	3619
-0.0978050040276299	1.88708280172087	28
-0.11174962875569	1.23372500731558	28
0.0275813275115999	1.02122707870778	27
0.0650949742271001	1.52063654357132	27
-0.0668785746349001	1.50562561501756	27
-0.07093048237214	2.08736002890838	27
-0.0543298859505801	1.48550122475554	27
0.0211617750113899	1.02864109830435	436
0.0109947834108299	0.762259539823454	3542
0.0304229003459999	1.01629366819613	854
0.01129840522229	0.763582575492988	1186
0.01285258494261	0.758773052262144	575
-0.0148090882885701	0.548389809404095	2255
-0.0229578492434499	0.552861579278889	81
-0.0175902174126199	0.550484114851072	143
0.01561951040345	0.758273432029444	143
0.0168492385878301	0.756691810281742	143
-0.0175902174126199	0.550484114851072	1370
-0.01793915586182	0.550681864442582	1138
-0.0161082304962099	0.548551675553127	110
-0.0233936745368599	0.550862796636914	254
-0.0190735236970101	0.549621946077532	743
-0.01833170548507	0.550474500519343	649
-0.01966671767669	2.39005432963771	28
0.0951939318958299	2.05265657544335	28
0.0757639196690101	1.72258643959145	28
-0.10637803097768	1.22858701604816	436
0.0420971499337399	1.29787793564097	575
0.00727568676764001	0.764893675986884	143
0.00512046256540999	0.763983990824277	1370
-0.02801043708842	0.553669292297474	254
-0.0161082304962099	0.548551675553127	1295
-0.01406510425906	0.548397333153719	124
-0.0233658235888801	0.551742344860982	124
-0.0161082304962099	0.548551675553127	740
-0.01793915586182	0.550681864442582	157
-0.0175902174126199	0.550484114851072	78
0.00845103650846002	1.88530209667367	28
-0.01833170548507	0.550474500519343	2475
0.0294732024871101	1.01930068982633	485
-0.10153611005457	1.21944218778049	575
-0.0237047183471799	0.553131982412369	2255
-0.0194204462082701	0.551189226731038	2255
-0.10597263405153	1.22287424948109	143
-0.0148090882885701	0.548389809404095	743
-0.0229578492434499	0.552861579278889	91
0.0113416165699001	0.760002527897141	124
-0.01833170548507	0.550474500519343	403
-0.10592906114768	1.2279102410131	3619
-0.05940666482341	1.49587648132531	3619
0.0440089577935501	1.29511826350025	2475
-0.0229578492434499	0.552861579278889	3436
-0.06552251350942	1.50568884451072	143
-0.10247714592743	1.2207878097138	143
-0.10218018908017	1.22126164325593	392
0.0243323878386299	1.02314298573561	254
-0.0233658235888801	0.551742344860982	403
-0.01684905918208	0.549966932484854	2785
0.0285270272181699	1.02247697237609	3619
0.0103749316466599	0.762431636633961	28
-0.0194204462082701	0.551189226731038	27
0.0613160962157	1.52501893974583	116
0.04384009973132	1.5429341667504	485
-0.01793915586182	0.550681864442582	485
-0.01833170548507	0.550474500519343	485
-0.0148090882885701	0.548389809404095	2255
0.03502780297054	1.01068446567723	143
-0.0194204462082701	0.551189226731038	2605
0.0143747157024601	0.757924517569841	1245
-0.0237047183471799	0.553131982412369	1245
0.02000911746325	0.755377623377746	1245
-0.0171990042076899	0.549264213163276	1244
-0.0201615854936801	0.55033415003984	81
-0.01684905918208	0.549966932484854	2920
-0.10642265297753	1.22815760993745	143
0.02998103343741	1.01887443311445	143
-0.0229578492434499	0.552861579278889	254
-0.0201615854936801	0.55033415003984	111
-0.10588447305452	1.22745785777559	1245
0.0193902290263399	0.755405479634455	1245
0.0119175278396799	0.763411251497296	1245
-0.02187037799917	0.552145600192979	101
0.0113416165699001	0.760002527897141	3619
-0.01867963642989	0.551199515777305	27
0.0551287328469801	1.26939777155748	1186
-0.01684905918208	0.549966932484854	2255
-0.0229578492434499	0.552861579278889	557
-0.0233658235888801	0.551742344860982	143
-0.01684905918208	0.549966932484854	110
0.02000911746325	0.755377623377746	3139
-0.01867963642989	0.551199515777305	1295
-0.024451922565	0.552456091331436	1280
-0.0229578492434499	0.552861579278889	124
0.0165448668291399	0.759410563089855	1245
-0.01793915586182	0.550681864442582	4882
-0.0237047183471799	0.553131982412369	146
0.0482244671410801	1.28494063499263	27
-0.0194204462082701	0.551189226731038	27
0.0232101318426201	1.02609045528492	27
0.0211666783107201	1.02113570174748	2475
0.0109947834108299	0.762259539823454	116
-0.01793915586182	0.550681864442582	81
-0.02801043708842	0.553669292297474	81
0.01537580367915	0.759367033073816	2255
-0.10263086194744	1.22494757686701	143
-0.0265513976509699	1.71553364894779	143
-0.0175902174126199	0.550484114851072	3805
-0.01793915586182	0.550681864442582	254
-0.02187037799917	0.552145600192979	2592
-0.0175902174126199	0.550484114851072	111
-0.0237047183471799	0.553131982412369	142
-0.0171990042076899	0.549264213163276	124
-0.0194204462082701	0.551189226731038	88
-0.01684905918208	0.549966932484854	88
-0.0237047183471799	0.553131982412369	4882
0.01475934706613	0.759537398828412	312
-0.10781399294324	1.22658290113529	28
0.0206277143186899	0.755017748186865	28
-0.0559075159947899	1.49013036830807	27
-0.0194828798226601	1.70659795731557	27
-0.0201615854936801	0.55033415003984	116
-0.01834057120307	0.550050642444883	485
-0.10242921546217	1.21603218420077	3805
0.0168631287751999	0.757214073923297	943
-0.0133214523362899	0.547881190959341	101
-0.01793915586182	0.550681864442582	88
-0.01684905918208	0.549966932484854	88
-0.01406510425906	0.548397333153719	97
0.0103749316466599	0.762431636633961	1207
-0.0630558290805701	1.50090015398593	116
-0.0953231872881299	1.20631529387114	81
-0.0229578492434499	0.552861579278889	3436
0.0328647790313099	1.01336973026767	2095
-0.01793915586182	0.550681864442582	3810
0.0247375467851501	1.02600797208634	488
0.01285258494261	0.758773052262144	488
0.0192676060575401	1.02775995909835	254
0.0122216908150199	0.760819889603963	111
-0.01867963642989	0.551199515777305	943
-0.01867963642989	0.551199515777305	943
-0.01867963642989	0.551199515777305	1734
0.02838464729894	1.01944578877465	1734
0.0088112498141899	0.761276206600739	28
-0.02187037799917	0.552145600192979	28
0.0892328030509599	1.67296434968591	588
-0.05300342570481	1.4895008323148	1186
-0.01833170548507	0.550474500519343	81
0.02093431032988	0.754713979888223	81
-0.0194204462082701	0.551189226731038	3436
-0.01833170548507	0.550474500519343	25
-0.0226179329145799	0.552416088281882	1775
0.00819560269860009	0.762135663950305	1077
-0.0148090882885701	0.548389809404095	1295
0.0125363585454501	0.762850768189531	1295
-0.0222113149496199	0.551599382638492	394
-0.0201615854936801	0.55033415003984	943
-0.01793915586182	0.550681864442582	124
-0.0175902174126199	0.550484114851072	124
0.02565217044963	1.02488978075624	1245
-0.01867963642989	0.551199515777305	88
-0.01793915586182	0.550681864442582	312
-0.024451922565	0.552456091331436	1306
0.0683407421822899	1.51355527847011	146
-0.0155534047254999	0.547544421448577	2095
-0.0171990042076899	0.549264213163276	2255
-0.01793915586182	0.550681864442582	1221
-0.0198410677985901	0.54965404061661	3805
-0.0194204462082701	0.551189226731038	3284
0.01624146650967	0.757911091286895	909
-0.10494239030521	1.22610427020303	909
0.0319189158992099	1.01415139521001	91
0.0171661011528299	0.75904802450482	451
-0.0175902174126199	0.550484114851072	1280
-0.0194204462082701	0.551189226731038	109
-0.0269256257472901	0.552956033505307	101
-0.01833170548507	0.550474500519343	2055
-0.01684905918208	0.549966932484854	427
0.07497799995864	1.71484485063897	588
-0.01833170548507	0.550474500519343	27
-0.01793915586182	0.550681864442582	2255
-0.0194204462082701	0.551189226731038	1221
0.01778704217386	0.758349119765208	25
-0.01833170548507	0.550474500519343	1077
-0.0175902174126199	0.550484114851072	3284
-0.0211231585375999	0.550885444723327	3284
-0.0148090882885701	0.548389809404095	5131
0.0168492385878301	0.756691810281742	111
-0.01867963642989	0.551199515777305	101
-0.0133214523362899	0.547881190959341	427
-0.05207433708989	1.48318679917054	588
0.06818666463497	1.51471490501144	27
0.0651244822426	1.51509939177742	116
-0.0171990042076899	0.549264213163276	544
-0.0161082304962099	0.548551675553127	5402
0.09109551460877	1.88473150999524	143
-0.01684905918208	0.549966932484854	3617
-0.01833170548507	0.550474500519343	2606
-0.0194204462082701	0.551189226731038	254
0.0221697618930301	0.75366238476359	254
0.0171661011528299	0.75904802450482	909
-0.0194204462082701	0.551189226731038	266
0.02093431032988	0.754713979888223	1245
-0.0190735236970101	0.549621946077532	1306
0.071826836104	1.73039184072989	28
0.01315489757833	0.761843472172444	146
-0.06157512778894	2.07079387484722	560
-0.01867963642989	0.551199515777305	81
-0.01406510425906	0.548397333153719	5402
0.01599197035305	0.758811048932772	5402
-0.11294266126968	1.91563525036727	708
0.0324258256988399	1.01372733165958	25
-0.01793915586182	0.550681864442582	3617
-0.0194204462082701	0.551189226731038	392
-0.02801043708842	0.553669292297474	254
0.0168492385878301	0.756691810281742	909
-0.01793915586182	0.550681864442582	909
-0.02187037799917	0.552145600192979	3142
-0.0233658235888801	0.551742344860982	88
-0.01867963642989	0.551199515777305	88
-0.01867963642989	0.551199515777305	1306
-0.0189396847919301	1.70470297112989	146
-0.0172694554437101	1.70413863601048	288
-0.01833170548507	0.550474500519343	116
-0.10731995616811	1.22590575833634	1186
-0.01867963642989	0.551199515777305	1016
-0.10543564029091	1.22723185964552	708
-0.0175902174126199	0.550484114851072	392
-0.0211231585375999	0.550885444723327	254
-0.0190906504648001	0.550321617620206	2411
-0.01867963642989	0.551199515777305	394
-0.0201615854936801	0.55033415003984	1245
0.01407599498447	0.759090320592301	1245
-0.0194204462082701	0.551189226731038	109
-0.0175902174126199	0.550484114851072	3142
-0.01793915586182	0.550681864442582	88
-0.01793915586182	0.550681864442582	1306
-0.0222113149496199	0.551599382638492	27
0.0755720237244699	1.91196992804683	562
-0.10164663295618	1.22314642766214	116
-0.0148090882885701	0.548389809404095	116
0.0125363585454501	0.762850768189531	1016
-0.01793915586182	0.550681864442582	544
0.0169137793345999	0.758148594472621	143
0.0168492385878301	0.756691810281742	143
-0.0226179329145799	0.552416088281882	254
-0.01793915586182	0.550681864442582	254
0.0103749316466599	0.762431636633961	254
0.0193902290263399	0.755405479634455	266
-0.0237047183471799	0.553131982412369	266
-0.0161082304962099	0.548551675553127	109
-0.01867963642989	0.551199515777305	101
-0.0233658235888801	0.551742344860982	88
0.0302140347342099	1.01432592508702	116
-0.0133214523362899	0.547881190959341	143
-0.02187037799917	0.552145600192979	4030
-0.0171990042076899	0.549264213163276	1876
0.01284008349584	0.760648448535067	111
-0.0226179329145799	0.552416088281882	3142
-0.0194204462082701	0.551189226731038	88
-0.0222113149496199	0.551599382638492	4825
0.0382191407103301	1.30367963989812	588
0.02455569779431	1.0258187286238	27
0.0815338198020501	2.09034928848006	27
-0.10785973143617	1.22931032174041	116
-0.0175902174126199	0.550484114851072	116
-0.0194204462082701	0.551189226731038	485
-0.0261719333284201	0.551946229427137	81
-0.0201615854936801	0.55033415003984	3038
0.08179814306794	1.906317886492	143
-0.02187037799917	0.552145600192979	488
-0.02767965965745	0.552564085173501	4030
-0.0237047183471799	0.553131982412369	254
0.0411969703213	1.29482463647281	111
0.0320832764586001	1.01548787976187	106
-0.0233658235888801	0.551742344860982	2737
0.0184076901328201	0.75723648157268	266
0.0193307005827901	0.754501979389326	1245
-0.01793915586182	0.550681864442582	88
-0.02187037799917	0.552145600192979	505
-0.01834057120307	0.550050642444883	1306
0.01561951040345	0.758273432029444	588
0.01287341347349	0.757542273386387	588
0.00510853994049998	1.88511465743261	116
-0.0511727133392199	1.48294457882566	116
0.01599197035305	0.758811048932772	1016
0.0278746151668801	1.01935273753289	1947
0.0119175278396799	0.763411251497296	1947
-0.0201615854936801	0.55033415003984	524
0.0425781340931599	1.29191554789517	63
-0.10346572361335	1.2213228672274	63
0.00292769744481003	0.763131319483396	3371
-0.0226179329145799	0.552416088281882	1280
-0.0229578492434499	0.552861579278889	874
-0.0133214523362899	0.547881190959341	266
-0.10059460937561	1.21441324923634	266
0.0119175278396799	0.763411251497296	1245
-0.0237047183471799	0.553131982412369	1306
0.0119175278396799	0.763411251497296	588
-0.02767965965745	0.552564085173501	1016
-0.0194204462082701	0.551189226731038	2577
-0.0211231585375999	0.550885444723327	3038
-0.01684905918208	0.549966932484854	143
0.02093431032988	0.754713979888223	25
-0.0226179329145799	0.552416088281882	1876
-0.01684905918208	0.549966932484854	1876
-0.0237047183471799	0.553131982412369	2606
-0.01833170548507	0.550474500519343	909
-0.0175902174126199	0.550484114851072	109
-0.0175902174126199	0.550484114851072	109
-0.0194204462082701	0.551189226731038	2123
-0.01793915586182	0.550681864442582	1562
-0.01867963642989	0.551199515777305	789
-0.0211231585375999	0.550885444723327	2641
0.00665901307583994	0.765261578783683	106
-0.0175902174126199	0.550484114851072	124
-0.01793915586182	0.550681864442582	266
-0.0194204462082701	0.551189226731038	2392
-0.0269256257472901	0.552956033505307	88
-0.01684905918208	0.549966932484854	1306
-0.0171990042076899	0.549264213163276	437
-0.0175902174126199	0.550484114851072	588
-0.01684905918208	0.549966932484854	965
-0.01867963642989	0.551199515777305	143
-0.01833170548507	0.550474500519343	1007
-0.0229578492434499	0.552861579278889	63
-0.01867963642989	0.551199515777305	2606
-0.0171990042076899	0.549264213163276	2606
-0.01833170548507	0.550474500519343	448
-0.0237047183471799	0.553131982412369	2053
-0.01867963642989	0.551199515777305	2737
-0.0211231585375999	0.550885444723327	124
-0.0226179329145799	0.552416088281882	88
-0.01793915586182	0.550681864442582	9
-0.01833170548507	0.550474500519343	789
-0.01684905918208	0.549966932484854	588
-0.10153611005457	1.21944218778049	146
-0.01834057120307	0.550050642444883	146
0.0125363585454501	0.762850768189531	588
0.0354180327527101	1.30692207466885	562
0.04690768225589	1.2869191256241	562
0.00604204889011006	0.765135241638034	116
-0.0175908297052101	0.54879582421027	1527
0.0110345544285599	0.760564294836467	1527
0.02021444911343	1.02979291111824	915
-0.0190735236970101	0.549621946077532	1016
-0.0175902174126199	0.550484114851072	2577
0.0165448668291399	0.759410563089855	143
-0.01867963642989	0.551199515777305	143
-0.01867963642989	0.551199515777305	143
-0.0171990042076899	0.549264213163276	909
-0.0226179329145799	0.552416088281882	124
-0.01867963642989	0.551199515777305	124
-0.01684905918208	0.549966932484854	465
-0.01833170548507	0.550474500519343	9
-0.0269256257472901	0.552956033505307	28
0.0103749316466599	0.762431636633961	28
0.01160300652547	0.7605521945031	28
0.0162983452085099	0.758703814770182	588
0.0171661011528299	0.75904802450482	27
0.0171661011528299	0.75904802450482	2577
-0.0516248544698701	2.03487698971076	143
-0.01684905918208	0.549966932484854	1280
-0.02187037799917	0.552145600192979	2737
-0.01793915586182	0.550681864442582	2156
-0.0161082304962099	0.548551675553127	88
-0.0222113149496199	0.551599382638492	250
0.0307186799438299	1.30748656316282	588
0.04488202299615	1.29341715871197	588
-0.02187037799917	0.552145600192979	588
-0.06131477237279	1.50097660790543	116
-0.10227798022729	1.9002769489677	116
0.01871077411124	0.755607155160683	116
-0.01867963642989	0.551199515777305	81
-0.0194204462082701	0.551189226731038	488
-0.01684905918208	0.549966932484854	25
-0.01833170548507	0.550474500519343	909
-0.01867963642989	0.551199515777305	2156
-0.01793915586182	0.550681864442582	109
-0.01867963642989	0.551199515777305	109
-0.0237047183471799	0.553131982412369	1562
0.01537580367915	0.759367033073816	28
0.01561951040345	0.758273432029444	588
0.0638430152601499	1.5174054079908	27
-0.0222113149496199	0.551599382638492	27
-0.10123880219209	1.89355041954587	485
-0.0133214523362899	0.547881190959341	1016
-0.0161082304962099	0.548551675553127	965
-0.0229578492434499	0.552861579278889	544
0.0453415571168301	1.29245755976612	143
-0.0211231585375999	0.550885444723327	488
-0.02187037799917	0.552145600192979	63
-0.01867963642989	0.551199515777305	909
-0.0194204462082701	0.551189226731038	1328
-0.01406510425906	0.548397333153719	2156
-0.01793915586182	0.550681864442582	124
-0.0175902174126199	0.550484114851072	465
-0.01793915586182	0.550681864442582	4547
-0.01867963642989	0.551199515777305	1562
-0.01793915586182	0.550681864442582	4117
-0.0226179329145799	0.552416088281882	437
-0.0175902174126199	0.550484114851072	437
-0.0229578492434499	0.552861579278889	28
-0.01793915586182	0.550681864442582	28
-0.0627847030006301	1.50035324034654	588
-0.0987248057791399	1.21691768744098	288
-0.1146832362576	1.23525495582863	116
0.0586796686164299	1.5291038624157	116
-0.0175902174126199	0.550484114851072	143
0.01568262168429	0.758873820806681	63
-0.01684905918208	0.549966932484854	63
0.0184076901328201	0.75723648157268	3112
-0.0175902174126199	0.550484114851072	909
-0.0190735236970101	0.549621946077532	909
0.0226880220846499	1.02519015650449	124
-0.01684905918208	0.549966932484854	1306
-0.01406510425906	0.548397333153719	28
0.01284008349584	0.760648448535067	588
-0.01867963642989	0.551199515777305	1193
0.0617429876089399	1.52486215642823	116
0.03184459048634	1.01329376979727	761
-0.0175902174126199	0.550484114851072	601
0.01752892429819	0.757151099994971	143
-0.10312323187153	1.22519374103777	143
0.01809055511489	0.756301931943798	3112
-0.0190735236970101	0.549621946077532	106
-0.0148090882885701	0.548389809404095	124
-0.0194204462082701	0.551189226731038	791
-0.01793915586182	0.550681864442582	27
-0.0320151988527999	0.552700439493262	1193
0.0211617750113899	1.02864109830435	27
-0.01833170548507	0.550474500519343	81
-0.02801043708842	0.553669292297474	601
-0.01684905918208	0.549966932484854	544
-0.0237047183471799	0.553131982412369	544
-0.0194204462082701	0.551189226731038	544
-0.0171990042076899	0.549264213163276	63
-0.10346572361335	1.2213228672274	3112
0.01809055511489	0.756301931943798	3112
0.03106644966913	1.01394920254407	909
-0.0171990042076899	0.549264213163276	909
-0.01793915586182	0.550681864442582	909
0.01160300652547	0.7605521945031	2737
0.0122336098195099	0.760696390018375	2156
0.0203161481024601	0.754741636107711	124
-0.0233658235888801	0.551742344860982	1863
-0.01867963642989	0.551199515777305	648
-0.0226179329145799	0.552416088281882	88
0.0106789904542199	0.763311198004635	48
0.01871077411124	0.755607155160683	116
-0.0175902174126199	0.550484114851072	81
-0.01684905918208	0.549966932484854	601
-0.01834057120307	0.550050642444883	143
-0.01867963642989	0.551199515777305	143
-0.024451922565	0.552456091331436	488
-0.0133214523362899	0.547881190959341	3112
-0.0194204462082701	0.551189226731038	88
0.0168631287751999	0.757214073923297	1562
-0.01867963642989	0.551199515777305	9
0.0650296378687001	1.52173474059359	288
-0.10736566006625	1.22951384544957	562
-0.0590618748982501	1.49598811493937	116
-0.0175902174126199	0.550484114851072	81
0.06375165409169	1.52472637906599	143
0.04401124563901	1.28913585930211	488
-0.0190735236970101	0.549621946077532	109
-0.01867963642989	0.551199515777305	109
-0.01833170548507	0.550474500519343	2637
-0.1010423828626	1.21859186024894	562
-0.10115477368615	1.22150602362827	116
-0.01406510425906	0.548397333153719	761
-0.0175902174126199	0.550484114851072	761
0.0599514169478099	1.52658631874335	485
0.0463175960692901	1.28857083009543	485
-0.01406510425906	0.548397333153719	81
-0.0194204462082701	0.551189226731038	2324
-0.10981854405075	1.23193117012239	143
-0.02187037799917	0.552145600192979	143
-0.0194204462082701	0.551189226731038	3112
0.01624146650967	0.757911091286895	88
0.0251436124525	1.02531786052478	588
0.0211617750113899	1.02864109830435	562
0.0171661011528299	0.75904802450482	116
0.00609874801202004	0.761178747505697	1584
0.0063555731143099	0.763740367668568	81
0.0193902290263399	0.755405479634455	143
-0.0237047183471799	0.553131982412369	488
-0.01684905918208	0.549966932484854	63
-0.01793915586182	0.550681864442582	63
0.0125363585454501	0.762850768189531	909
-0.0194204462082701	0.551189226731038	909
0.0168492385878301	0.756691810281742	1368
-0.01833170548507	0.550474500519343	1368
-0.0175902174126199	0.550484114851072	88
-0.0194204462082701	0.551189226731038	1306
-0.01406510425906	0.548397333153719	28
-0.11080490215389	1.23236856126249	588
-0.10362748571194	1.90102922956582	116
-0.00352957825816991	0.764483308886129	1584
-0.0161082304962099	0.548551675553127	411
-0.10357313583767	1.22324310256577	488
-0.01684905918208	0.549966932484854	4623
-0.0237047183471799	0.553131982412369	4623
-0.0269256257472901	0.552956033505307	63
-0.01834057120307	0.550050642444883	63
-0.01833170548507	0.550474500519343	63
-0.01793915586182	0.550681864442582	3112
-0.0646798207575501	1.4976004142983	63
-0.0175902174126199	0.550484114851072	3112
0.02991361816884	1.01764457331484	1079
-0.0175902174126199	0.550484114851072	88
-0.0133214523362899	0.547881190959341	9
-0.01684905918208	0.549966932484854	783
0.04216486381206	1.29358973780892	759
-0.0559075159947899	1.49013036830807	562
-0.10592906114768	1.2279102410131	761
0.0122336098195099	0.760696390018375	116
-0.02725743812157	0.552658014762978	485
-0.0148090882885701	0.548389809404095	832
0.01129840522229	0.763582575492988	2999
0.0171661011528299	0.75904802450482	601
0.0193307005827901	0.754501979389326	143
-0.01684905918208	0.549966932484854	143
-0.01834057120307	0.550050642444883	63
-0.01833170548507	0.550474500519343	124
-0.01684905918208	0.549966932484854	109
-0.0229578492434499	0.552861579278889	88
-0.0194204462082701	0.551189226731038	2637
-0.0229578492434499	0.552861579278889	56
0.0172234348284701	0.755897918154574	48
-0.02187037799917	0.552145600192979	588
-0.01530607259425	1.6923480313568	485
-0.11037587150238	1.22636502362361	832
-0.0133214523362899	0.547881190959341	411
-0.0175902174126199	0.550484114851072	143
-0.01833170548507	0.550474500519343	1853
-0.01867963642989	0.551199515777305	3954
-0.0175902174126199	0.550484114851072	1859
-0.0229578492434499	0.552861579278889	2731
-0.02187037799917	0.552145600192979	88
-0.0175902174126199	0.550484114851072	88
0.01495908586914	2.07907094950875	2538
0.01624146650967	0.757911091286895	81
-0.02187037799917	0.552145600192979	601
0.0372281388365101	1.30094951932726	63
0.0122216908150199	0.760819889603963	3112
-0.02187037799917	0.552145600192979	1881
-0.01833170548507	0.550474500519343	9
0.04447280184009	1.28983910360171	27
-0.10301831845796	1.21963101835411	116
-0.0474830739851599	1.47260328502725	2538
-0.0608699566151401	1.49316137337487	485
0.02506338689152	1.02517497657364	485
-0.0273505456913401	1.71808466160296	832
0.0227870517039901	0.75256059627571	411
0.01778704217386	0.758349119765208	1853
-0.01684905918208	0.549966932484854	4623
-0.0229578492434499	0.552861579278889	4623
-0.0226179329145799	0.552416088281882	63
-0.0194204462082701	0.551189226731038	63
-0.0190735236970101	0.549621946077532	3112
0.01592333896194	0.759438031046279	346
-0.0229578492434499	0.552861579278889	124
-0.024451922565	0.552456091331436	271
0.0459205504795499	1.28946525618854	27
0.06866775889942	1.73557780431834	27
-0.10263086194744	1.22494757686701	27
-0.0194204462082701	0.551189226731038	787
0.0419751793861001	1.30049076724905	485
0.04394867464523	1.28742626922907	81
-0.0175902174126199	0.550484114851072	832
-0.0229578492434499	0.552861579278889	411
-0.0175902174126199	0.550484114851072	1853
-0.0175902174126199	0.550484114851072	4623
-0.01834057120307	0.550050642444883	63
-0.0175902174126199	0.550484114851072	63
-0.01867963642989	0.551199515777305	63
-0.02187037799917	0.552145600192979	124
-0.0237047183471799	0.553131982412369	1079
-0.02187037799917	0.552145600192979	88
-0.01684905918208	0.549966932484854	88
-0.0211231585375999	0.550885444723327	648
-0.0194204462082701	0.551189226731038	88
-0.01867963642989	0.551199515777305	1306
-0.0498481811287199	2.26015408527709	28
-0.00865251958718005	1.92148960451798	1927
0.02903517183933	1.02204949492412	146
-0.0572219961974101	1.4963282825965	27
0.01778704217386	0.758349119765208	601
0.01568262168429	0.758873820806681	601
-0.0190735236970101	0.549621946077532	2406
-0.0229578492434499	0.552861579278889	411
0.01561951040345	0.758273432029444	143
-0.0190735236970101	0.549621946077532	1293
0.0241259353643599	1.0249723983371	3112
-0.0229578492434499	0.552861579278889	684
-0.01867963642989	0.551199515777305	1079
0.0187710487692301	0.755028173933174	1079
-0.0261719333284201	0.551946229427137	1079
-0.09972159002632	1.21527181349691	28
0.01129840522229	0.763582575492988	28
0.0342172489044501	1.00930991484575	1927
0.04301931813585	1.29769079713268	562
-0.0539645767519901	1.4826118857203	2538
0.06645678795501	1.51893178675691	116
-0.0133214523362899	0.547881190959341	832
0.0181055727488499	0.754104209251465	832
-0.01684905918208	0.549966932484854	601
-0.10637803097768	1.22858701604816	601
-0.0237047183471799	0.553131982412369	1413
0.01778704217386	0.758349119765208	143
-0.0175902174126199	0.550484114851072	143
0.0261605415731001	1.02407684478155	143
-0.024451922565	0.552456091331436	1293
-0.0155534047254999	0.547544421448577	3112
-0.0222113149496199	0.551599382638492	63
0.0165448668291399	0.759410563089855	1859
0.0377195982116301	1.30320713319775	135
0.0165448668291399	0.759410563089855	135
-0.01867963642989	0.551199515777305	1079
-0.0194204462082701	0.551189226731038	88
-0.02876377688911	0.553275796031429	28
0.0504553807392101	1.28547126416581	787
-0.02187037799917	0.552145600192979	832
-0.0226179329145799	0.552416088281882	832
-0.01684905918208	0.549966932484854	81
0.07853387228497	1.70608335217782	143
-0.0226179329145799	0.552416088281882	700
-0.0155534047254999	0.547544421448577	63
-0.0330973152037799	0.553408349636547	1079
-0.0175902174126199	0.550484114851072	1079
-0.0175902174126199	0.550484114851072	88
0.01129840522229	0.763582575492988	88
-0.0161082304962099	0.548551675553127	88
-0.01793915586182	0.550681864442582	56
-0.018658979324	1.70279145405793	588
-0.0237047183471799	0.553131982412369	2406
-0.02725743812157	0.552658014762978	81
-0.0171990042076899	0.549264213163276	143
-0.01406510425906	0.548397333153719	684
-0.01406510425906	0.548397333153719	684
-0.0133214523362899	0.547881190959341	1079
-0.01833170548507	0.550474500519343	1079
-0.0261719333284201	0.551946229427137	271
-0.01833170548507	0.550474500519343	88
-0.01684905918208	0.549966932484854	88
-0.0233658235888801	0.551742344860982	3244
-0.0175902174126199	0.550484114851072	88
-0.01867963642989	0.551199515777305	1626
-0.0222113149496199	0.551599382638492	517
-0.12480216662094	2.24716396393665	1927
-0.01867963642989	0.551199515777305	48
0.0526593860710301	1.53681826676407	562
-0.02187037799917	0.552145600192979	116
-0.02767965965745	0.552564085173501	126
-0.0155534047254999	0.547544421448577	1293
-0.01406510425906	0.548397333153719	63
0.0187710487692301	0.755028173933174	346
-0.02187037799917	0.552145600192979	9
-0.0194204462082701	0.551189226731038	9
0.0171661011528299	0.75904802450482	1927
0.00573816335918997	0.764108055072956	601
-0.01684905918208	0.549966932484854	601
-0.01793915586182	0.550681864442582	4651
-0.0226179329145799	0.552416088281882	143
0.02903517183933	1.02204949492412	143
-0.0133214523362899	0.547881190959341	143
0.02280435656283	1.0244268012757	1293
-0.0226179329145799	0.552416088281882	5390
-0.0175902174126199	0.550484114851072	684
0.01315489757833	0.761843472172444	1079
-0.01867963642989	0.551199515777305	1079
-0.0261719333284201	0.551946229427137	88
-0.01867963642989	0.551199515777305	88
-0.024451922565	0.552456091331436	9
-0.00372477639575997	1.91552093156814	588
-0.0664670713537601	2.07661172590918	588
-0.0291747358069401	1.72055835775303	502
0.0485460557789801	1.28444536743982	2538
0.00819560269860009	0.762135663950305	2538
-0.03125494976954	0.552353758489541	832
-0.0175908297052101	0.54879582421027	81
0.00604204889011006	0.765135241638034	143
-0.02266520232008	1.70841382272015	1293
-0.01257813221999	0.546472227688933	684
-0.0175908297052101	0.54879582421027	961
-0.0201615854936801	0.55033415003984	1079
-0.01833170548507	0.550474500519343	271
-0.0226374288987801	0.549856773054565	1927
-0.0242886886432301	1.71732244932079	116
0.0453256328770799	1.29523542690259	116
-0.02801043708842	0.553669292297474	832
0.01098403038856	0.759386479124051	601
0.0206277143186899	0.755017748186865	601
0.0106789904542199	0.763311198004635	135
-0.01793915586182	0.550681864442582	3749
0.0119175278396799	0.763411251497296	1368
0.01284008349584	0.760648448535067	1079
0.0168492385878301	0.756691810281742	271
-0.0175902174126199	0.550484114851072	88
-0.0175902174126199	0.550484114851072	88
-0.01833170548507	0.550474500519343	9
-0.0133214523362899	0.547881190959341	9
-0.0237047183471799	0.553131982412369	517
-0.0269256257472901	0.552956033505307	588
0.0830687600316	1.69827880688514	27
0.0638430152601499	1.5174054079908	2538
0.04736854991425	1.28678448751331	116
-0.06361231644494	1.50223323755112	81
0.0292991861709899	1.01833338602226	601
0.01778704217386	0.758349119765208	143
-0.0229578492434499	0.552861579278889	4623
-0.01684905918208	0.549966932484854	1293
0.02801870066596	1.02252014081199	63
-0.01793915586182	0.550681864442582	925
-0.01867963642989	0.551199515777305	2178
-0.01684905918208	0.549966932484854	2178
-0.01793915586182	0.550681864442582	1079
-0.02187037799917	0.552145600192979	271
-0.0194204462082701	0.551189226731038	2731
-0.0229578492434499	0.552861579278889	88
-0.0226179329145799	0.552416088281882	5113
-0.0175902174126199	0.550484114851072	9
-0.0643904890540801	2.06850677809997	28
-0.01834057120307	0.550050642444883	588
0.0109947834108299	0.762259539823454	27
-0.0175902174126199	0.550484114851072	116
-0.01867963642989	0.551199515777305	81
0.01624146650967	0.757911091286895	26
-0.01684905918208	0.549966932484854	1293
-0.01793915586182	0.550681864442582	1578
-0.01867963642989	0.551199515777305	2204
-0.01867963642989	0.551199515777305	271
-0.01867963642989	0.551199515777305	213
-0.0175902174126199	0.550484114851072	88
-0.0237047183471799	0.553131982412369	56
-0.01406510425906	0.548397333153719	56
-0.01833170548507	0.550474500519343	1626
0.0595059176133901	1.52892916835533	48
0.09316778642535	2.06060531335986	48
0.0116143427219699	0.761700246788856	48
-0.10533822696976	1.90386844302618	27
0.0669159627920399	1.73320368156418	27
0.05320795625822	1.27312909640783	502
0.0197771674846401	1.02711534911104	502
-0.10603560874472	1.22806364560938	601
0.0103749316466599	0.762431636633961	143
-0.0194204462082701	0.551189226731038	774
-0.01833170548507	0.550474500519343	925
-0.01867963642989	0.551199515777305	92
-0.01684905918208	0.549966932484854	684
0.0143747157024601	0.757924517569841	271
-0.02187037799917	0.552145600192979	3650
-0.0237047183471799	0.553131982412369	2517
-0.0148090882885701	0.548389809404095	56
-0.01867963642989	0.551199515777305	56
-0.11324415323059	1.22996141188248	27
-0.05335096776103	1.4852858166252	288
0.0400202879071501	1.30203542456044	116
-0.10511515710558	1.89362623414739	2538
0.0116143427219699	0.761700246788856	116
0.0600171538018699	1.74586665808218	116
-0.0229578492434499	0.552861579278889	601
-0.0133214523362899	0.547881190959341	126
-0.04971093558643	1.47740432262897	143
-0.0967550659445999	1.21259218367152	143
-0.0269256257472901	0.552956033505307	925
0.0242285957358399	1.02643660961203	33
-0.0175902174126199	0.550484114851072	135
-0.0148090882885701	0.548389809404095	135
0.01809055511489	0.756301931943798	92
0.02000911746325	0.755377623377746	1368
-0.0194204462082701	0.551189226731038	1368
-0.01793915586182	0.550681864442582	271
-0.01684905918208	0.549966932484854	88
-0.0211231585375999	0.550885444723327	3708
-0.0237047183471799	0.553131982412369	56
0.06745896028055	1.5159297485049	562
0.0168631287751999	0.757214073923297	116
0.01871077411124	0.755607155160683	485
-0.0226179329145799	0.552416088281882	601
-0.10213866234281	1.22427119358498	601
-0.0194204462082701	0.551189226731038	387
-0.0237047183471799	0.553131982412369	1293
-0.01793915586182	0.550681864442582	92
-0.02767965965745	0.552564085173501	2204
-0.0198410677985901	0.54965404061661	684
-0.0175902174126199	0.550484114851072	684
-0.01406510425906	0.548397333153719	1368
0.0109947834108299	0.762259539823454	1079
0.01537580367915	0.759367033073816	271
-0.0175902174126199	0.550484114851072	56
0.01632690139865	1.02716112461273	288
-0.04189102050501	2.24734940923564	485
0.02759938963771	1.01878186129477	601
0.0459205504795499	1.28946525618854	143
-0.11224337609774	1.2331490859026	143
0.01051054787563	0.755291629475456	925
-0.01833170548507	0.550474500519343	33
0.01315489757833	0.761843472172444	135
0.01129840522229	0.763582575492988	135
-0.01867963642989	0.551199515777305	2204
-0.0133214523362899	0.547881190959341	684
-0.0175902174126199	0.550484114851072	1635
-0.01684905918208	0.549966932484854	271
-0.01833170548507	0.550474500519343	213
-0.01833170548507	0.550474500519343	88
-0.01793915586182	0.550681864442582	88
-0.0201615854936801	0.55033415003984	1743
-0.01867963642989	0.551199515777305	276
-0.0229578492434499	0.552861579278889	56
-0.0161082304962099	0.548551675553127	1626
0.0149972602149799	0.758302386104218	56
0.02565217044963	1.02488978075624	48
-0.01346834247884	1.69173435752452	48
0.01561951040345	0.758273432029444	588
0.00548472431505997	1.8949220796413	2290
0.01129840522229	0.763582575492988	489
0.0482271233546801	1.28857841050099	2538
0.0439409147969501	1.29583656317881	2538
-0.10203000831626	1.21990399666934	1799
-0.02876377688911	0.553275796031429	601
-0.10449278425116	1.22215061514527	143
0.0240478269531601	1.02603206736299	143
-0.01833170548507	0.550474500519343	2738
-0.01833170548507	0.550474500519343	1079
-0.0175902174126199	0.550484114851072	271
-0.0194204462082701	0.551189226731038	271
-0.01867963642989	0.551199515777305	123
-0.01867963642989	0.551199515777305	56
0.0100592832961599	0.762134537788091	588
-0.09966574798447	1.21524025390375	562
0.0125363585454501	0.762850768189531	116
0.01592333896194	0.759438031046279	2538
0.03502780297054	1.01068446567723	787
0.00641522583124998	0.761180666319665	116
0.02524631072753	1.02519389960119	143
-0.0226179329145799	0.552416088281882	143
-0.024451922565	0.552456091331436	63
-0.0233936745368599	0.550862796636914	63
-0.0175902174126199	0.550484114851072	55
-0.01867963642989	0.551199515777305	92
-0.01257813221999	0.546472227688933	92
-0.0194204462082701	0.551189226731038	4905
-0.0194204462082701	0.551189226731038	684
-0.01867963642989	0.551199515777305	751
-0.01833170548507	0.550474500519343	271
-0.01867963642989	0.551199515777305	1079
-0.01833170548507	0.550474500519343	271
-0.05951369032498	1.49607407490953	588
0.01592333896194	0.759438031046279	562
-0.0201615854936801	0.55033415003984	601
-0.0190906504648001	0.550321617620206	195
0.0187710487692301	0.755028173933174	195
-0.0226179329145799	0.552416088281882	2400
-0.11121273905736	1.22963742746941	26
-0.0161082304962099	0.548551675553127	1815
-0.01684905918208	0.549966932484854	92
-0.0175902174126199	0.550484114851072	684
-0.01684905918208	0.549966932484854	3688
-0.0237047183471799	0.553131982412369	56
0.01284008349584	0.760648448535067	288
0.0168492385878301	0.756691810281742	787
0.0247375467851501	1.02600797208634	787
-0.10168812918519	1.22101536929869	116
-0.0175902174126199	0.550484114851072	601
0.0165448668291399	0.759410563089855	601
-0.01867963642989	0.551199515777305	126
0.040096319151	1.30253497771757	2400
-0.02187037799917	0.552145600192979	143
-0.10637803097768	1.22858701604816	143
0.02794058383528	1.01749866406903	26
-0.0190735236970101	0.549621946077532	135
-0.0175902174126199	0.550484114851072	271
-0.01793915586182	0.550681864442582	271
-0.01833170548507	0.550474500519343	271
0.0203161481024601	0.754741636107711	4891
-0.0194204462082701	0.551189226731038	88
-0.0190735236970101	0.549621946077532	831
0.05091435632152	1.28476245805533	48
-0.0148090882885701	0.548389809404095	27
-0.1097763498128	1.23083154964227	2538
0.0162983452085099	0.758703814770182	116
0.0171661011528299	0.75904802450482	865
0.0063555731143099	0.763740367668568	485
-0.0175902174126199	0.550484114851072	601
-0.01684905918208	0.549966932484854	601
0.0149972602149799	0.758302386104218	601
-0.0133214523362899	0.547881190959341	601
0.0251436124525	1.02531786052478	126
0.01561951040345	0.758273432029444	2400
-0.01833170548507	0.550474500519343	387
-0.01834057120307	0.550050642444883	63
-0.024451922565	0.552456091331436	63
-0.01406510425906	0.548397333153719	1293
0.04441014554843	1.28729033888806	55
0.03502780297054	1.01068446567723	55
-0.01793915586182	0.550681864442582	55
-0.0155534047254999	0.547544421448577	1919
-0.0190735236970101	0.549621946077532	747
-0.0201615854936801	0.55033415003984	684
-0.0175902174126199	0.550484114851072	271
0.00292769744481003	0.763131319483396	588
-0.10642265297753	1.22815760993745	48
0.01011394338886	0.761225303770816	27
0.0261605415731001	1.02407684478155	2538
-0.0175902174126199	0.550484114851072	2538
-0.0175902174126199	0.550484114851072	1799
0.0215521815141499	0.754354654287299	865
0.0106789904542199	0.763311198004635	26
-0.01793915586182	0.550681864442582	2549
-0.0226179329145799	0.552416088281882	271
-0.0175902174126199	0.550484114851072	271
-0.01684905918208	0.549966932484854	48
-0.0229578492434499	0.552861579278889	48
-0.0175902174126199	0.550484114851072	288
0.01752892429819	0.757151099994971	288
-0.0194204462082701	0.551189226731038	502
-0.02187037799917	0.552145600192979	562
-0.0226179329145799	0.552416088281882	562
-0.0229578492434499	0.552861579278889	2538
0.01624146650967	0.757911091286895	387
0.04044954838582	1.29612329468607	1293
-0.0194204462082701	0.551189226731038	55
-0.0175902174126199	0.550484114851072	55
-0.0175902174126199	0.550484114851072	276
-0.01684905918208	0.549966932484854	56
-0.0175902174126199	0.550484114851072	56
-0.0226984757186099	1.7080530105387	2354
-0.01867963642989	0.551199515777305	562
0.00819560269860009	0.762135663950305	502
-0.0229578492434499	0.552861579278889	562
0.0215521815141499	0.754354654287299	562
-0.0171990042076899	0.549264213163276	562
-0.01833170548507	0.550474500519343	562
0.00512046256540999	0.763983990824277	116
0.01537580367915	0.759367033073816	601
-0.0175908297052101	0.54879582421027	126
-0.10494239030521	1.22610427020303	126
0.01129840522229	0.763582575492988	601
0.00108688070366991	0.764731344103769	601
-0.10731995616811	1.22590575833634	1293
-0.01793915586182	0.550681864442582	33
-0.0133214523362899	0.547881190959341	747
-0.0194204462082701	0.551189226731038	747
-0.0226179329145799	0.552416088281882	2549
-0.0194204462082701	0.551189226731038	2549
-0.01793915586182	0.550681864442582	684
0.02093431032988	0.754713979888223	684
-0.0161082304962099	0.548551675553127	4893
-0.01793915586182	0.550681864442582	648
-0.0148090882885701	0.548389809404095	648
-0.0261719333284201	0.551946229427137	27
-0.0175908297052101	0.54879582421027	486
0.0686810215534801	1.50876557352463	116
0.0292991861709899	1.01833338602226	116
-0.0237047183471799	0.553131982412369	26
0.0462461154293801	1.29505017397218	1331
0.02801870066596	1.02252014081199	387
-0.0538784496034901	1.48475171826717	1293
0.0453256328770799	1.29523542690259	1861
0.0116143427219699	0.761700246788856	1861
-0.01867963642989	0.551199515777305	92
-0.01793915586182	0.550681864442582	684
-0.0161082304962099	0.548551675553127	684
-0.01834057120307	0.550050642444883	2738
-0.01867963642989	0.551199515777305	1100
-0.01867963642989	0.551199515777305	271
0.01592333896194	0.759438031046279	271
-0.01833170548507	0.550474500519343	271
0.0196976945938701	0.754364554964536	4544
-0.0190735236970101	0.549621946077532	2049
-0.01406510425906	0.548397333153719	914
-0.02187037799917	0.552145600192979	56
0.0381507018448499	1.29947524939431	48
-0.02187037799917	0.552145600192979	562
-0.02801043708842	0.553669292297474	562
-0.0320151988527999	0.552700439493262	206
-0.0190906504648001	0.550321617620206	206
-0.01684905918208	0.549966932484854	486
-0.0530309456275799	1.48551575937861	601
-0.0229373367075501	2.40538200625413	126
-0.06424140132485	2.06830006117773	126
-0.0222113149496199	0.551599382638492	126
-0.0226179329145799	0.552416088281882	2400
0.01592333896194	0.759438031046279	387
-0.01793915586182	0.550681864442582	1713
-0.01793915586182	0.550681864442582	684
-0.0194204462082701	0.551189226731038	271
-0.0598579762479301	1.4971748880792	671
-0.01684905918208	0.549966932484854	276
0.01599197035305	0.758811048932772	48
-0.01684905918208	0.549966932484854	588
0.0165448668291399	0.759410563089855	588
-0.01793915586182	0.550681864442582	588
-0.01867963642989	0.551199515777305	562
-0.01793915586182	0.550681864442582	116
-0.10406581548053	1.22348985171652	116
0.0168492385878301	0.756691810281742	26
0.0184077428082301	1.8517873581823	1293
-0.0572559780047499	1.49095664610629	135
-0.01867963642989	0.551199515777305	92
0.0457170398547	1.29220330967418	747
-0.01793915586182	0.550681864442582	684
0.00573816335918997	0.764108055072956	684
-0.0175902174126199	0.550484114851072	88
-0.01867963642989	0.551199515777305	671
-0.0190735236970101	0.549621946077532	276
-0.0171990042076899	0.549264213163276	1617
-0.01867963642989	0.551199515777305	27
-0.10543564029091	1.22723185964552	27
-0.0237047183471799	0.553131982412369	16
-0.0233658235888801	0.551742344860982	562
0.0279806519479	1.01716417707732	562
0.0175900013168999	1.02552757874793	116
0.01660784732416	0.757812324223895	116
-0.0226179329145799	0.552416088281882	486
-0.01257813221999	0.546472227688933	81
-0.01834057120307	0.550050642444883	81
-0.11080490215389	1.23236856126249	126
0.0206526612642	1.02885544987071	126
0.0165448668291399	0.759410563089855	26
0.01592333896194	0.759438031046279	2400
0.01537580367915	0.759367033073816	2400
0.0116143427219699	0.761700246788856	1293
-0.0175902174126199	0.550484114851072	1159
-0.02801043708842	0.553669292297474	1333
-0.0201615854936801	0.55033415003984	4544
-0.01867963642989	0.551199515777305	671
-0.01406510425906	0.548397333153719	315
-0.0175902174126199	0.550484114851072	123
-0.01793915586182	0.550681864442582	276
-0.01867963642989	0.551199515777305	56
-0.01867963642989	0.551199515777305	56
-0.0233658235888801	0.551742344860982	839
0.0125363585454501	0.762850768189531	588
-0.01684905918208	0.549966932484854	588
-0.01867963642989	0.551199515777305	27
-0.02187037799917	0.552145600192979	27
0.02565217044963	1.02488978075624	27
-0.01867963642989	0.551199515777305	27
-0.02876377688911	0.553275796031429	16
-0.01867963642989	0.551199515777305	562
-0.0194204462082701	0.551189226731038	502
0.00665901307583994	0.765261578783683	116
-0.02187037799917	0.552145600192979	486
0.02557089435737	1.02407049959421	116
-0.01793915586182	0.550681864442582	601
-0.0977395952190401	1.2156094664062	126
-0.01833170548507	0.550474500519343	126
0.00697269206835993	0.76287814744911	26
0.0157318035431	0.754115049739323	26
0.02217945530813	1.02688778579296	26
-0.01793915586182	0.550681864442582	1159
0.0193902290263399	0.755405479634455	1333
0.01809055511489	0.756301931943798	56
0.0630937890911201	1.5261393061793	27
-0.0175902174126199	0.550484114851072	116
0.02491953769748	1.01869864830946	126
0.00975478718977008	0.762163263594681	2400
0.01809055511489	0.756301931943798	2400
0.0237194574611801	1.02647944378184	387
0.0103749316466599	0.762431636633961	63
-0.0194204462082701	0.551189226731038	1684
-0.01406510425906	0.548397333153719	135
0.0232101318426201	1.02609045528492	271
0.0119175278396799	0.763411251497296	5152
-0.02876377688911	0.553275796031429	276
-0.09823211528759	1.21645746531654	48
0.0242285957358399	1.02643660961203	588
0.02717672367142	1.02102489221966	48
0.03224917539475	1.0111969177692	48
0.0165448668291399	0.759410563089855	27
-0.0967550659445999	1.21259218367152	27
-0.01684905918208	0.549966932484854	16
-0.0229578492434499	0.552861579278889	16
-0.02187037799917	0.552145600192979	206
0.0116143427219699	0.761700246788856	486
-0.10297134909731	1.2212501524651	486
0.01599197035305	0.758811048932772	601
0.0409395665121	1.29746392594578	126
0.0231004666979899	1.02477328446425	126
-0.0229578492434499	0.552861579278889	387
0.01378045970299	1.02931259952718	387
-0.02187037799917	0.552145600192979	135
-0.0171990042076899	0.549264213163276	135
-0.0237047183471799	0.553131982412369	61
-0.01684905918208	0.549966932484854	92
-0.01833170548507	0.550474500519343	747
-0.0175902174126199	0.550484114851072	4270
-0.01684905918208	0.549966932484854	271
-0.0161082304962099	0.548551675553127	271
-0.0175902174126199	0.550484114851072	271
-0.0229578492434499	0.552861579278889	671
-0.01867963642989	0.551199515777305	56
-0.01684905918208	0.549966932484854	3584
0.02658181513517	1.02082609383453	48
0.00727568676764001	0.764893675986884	48
-0.0997560387199901	1.89801528230493	27
0.0246244842438801	1.02281573336371	486
-0.06361231644494	1.50223323755112	601
0.0119175278396799	0.763411251497296	126
-0.0161082304962099	0.548551675553127	126
0.0119175278396799	0.763411251497296	26
0.02174164129	1.02633716761601	1598
-0.0237047183471799	0.553131982412369	387
0.01129840522229	0.763582575492988	33
0.0125363585454501	0.762850768189531	33
0.0153015173100599	0.759056625172602	135
-0.0161082304962099	0.548551675553127	92
-0.02801043708842	0.553669292297474	747
-0.0161082304962099	0.548551675553127	271
-0.01833170548507	0.550474500519343	1333
-0.01684905918208	0.549966932484854	1768
-0.0175902174126199	0.550484114851072	3612
-0.01833170548507	0.550474500519343	56
-0.10389927493352	1.89870316698974	588
0.01568262168429	0.758873820806681	27
0.0424354118600201	1.30043713866041	27
-0.0175902174126199	0.550484114851072	206
0.01129840522229	0.763582575492988	486
-0.0330973152037799	0.553408349636547	126
0.02556351136093	1.02129906831993	26
0.0168492385878301	0.756691810281742	3181
-0.01793915586182	0.550681864442582	2266
-0.0148090882885701	0.548389809404095	387
0.01624146650967	0.757911091286895	1293
0.0116143427219699	0.761700246788856	55
-0.01867963642989	0.551199515777305	271
-0.0175902174126199	0.550484114851072	271
-0.0175902174126199	0.550484114851072	213
-0.02187037799917	0.552145600192979	1768
-0.0175902174126199	0.550484114851072	671
-0.01867963642989	0.551199515777305	43
0.0125363585454501	0.762850768189531	48
0.05916449788047	1.53225476844588	48
-0.01793915586182	0.550681864442582	2010
-0.02187037799917	0.552145600192979	486
-0.0171990042076899	0.549264213163276	486
0.01315489757833	0.761843472172444	81
0.00604204889011006	0.765135241638034	116
-0.01833170548507	0.550474500519343	116
0.0497897713094999	1.5415428273466	126
0.02360865444033	1.02455937999603	2266
-0.01867963642989	0.551199515777305	26
0.0256312874937501	0.748462431786099	387
0.01129840522229	0.763582575492988	1293
-0.01833170548507	0.550474500519343	135
-0.0226179329145799	0.552416088281882	747
-0.0175902174126199	0.550484114851072	1768
-0.0194204462082701	0.551189226731038	671
0.01523900940043	1.03204230215464	48
-0.0233658235888801	0.551742344860982	678
-0.01793915586182	0.550681864442582	16
-0.10883286899971	1.22947887441053	126
-0.0289211458679599	1.71696794073473	126
-0.0566255833726199	1.49180403919067	126
-0.0229578492434499	0.552861579278889	26
-0.05535938314793	1.4928734221645	26
0.01284008349584	0.760648448535067	387
-0.0591495722629301	1.49109069926014	387
0.0162281405764699	0.756314977892655	55
-0.01793915586182	0.550681864442582	5099
0.01778704217386	0.758349119765208	747
-0.0148090882885701	0.548389809404095	92
-0.0175902174126199	0.550484114851072	92
-0.10599545694553	1.22265342755331	271
-0.01684905918208	0.549966932484854	1362
-0.10158196647092	1.21494796393114	605
-0.01867963642989	0.551199515777305	3993
-0.0229578492434499	0.552861579278889	1205
-0.01793915586182	0.550681864442582	56
-0.0229578492434499	0.552861579278889	27
-0.0161082304962099	0.548551675553127	23
0.0467061429526101	1.2943353914512	27
-0.0226179329145799	0.552416088281882	16
0.0162983452085099	0.758703814770182	2010
-0.0175902174126199	0.550484114851072	1315
-0.024451922565	0.552456091331436	486
-0.0229578492434499	0.552861579278889	81
0.04342847791724	1.29889671885983	601
-0.01793915586182	0.550681864442582	2625
-0.01684905918208	0.549966932484854	26
0.0604396094547801	1.52904200342282	1293
-0.0148090882885701	0.548389809404095	56
-0.01684905918208	0.549966932484854	588
-0.0175902174126199	0.550484114851072	27
-0.0161082304962099	0.548551675553127	903
-0.0320151988527999	0.552700439493262	3407
-0.01793915586182	0.550681864442582	486
-0.0194204462082701	0.551189226731038	601
0.02186403423846	0.753221450651074	126
-0.01793915586182	0.550681864442582	26
-0.02767965965745	0.552564085173501	26
-0.0211231585375999	0.550885444723327	26
0.01592333896194	0.759438031046279	41
-0.0175902174126199	0.550484114851072	41
-0.0229578492434499	0.552861579278889	26
-0.02767965965745	0.552564085173501	387
-0.0175902174126199	0.550484114851072	361
-0.0190735236970101	0.549621946077532	5394
-0.01867963642989	0.551199515777305	632
-0.0190735236970101	0.549621946077532	632
-0.02187037799917	0.552145600192979	4658
0.01315489757833	0.761843472172444	1333
-0.0175902174126199	0.550484114851072	276
0.01561951040345	0.758273432029444	588
0.0344232009838099	1.3075667588551	23
-0.0174386524899099	1.70210130467777	678
-0.0190906504648001	0.550321617620206	3407
0.0215521815141499	0.754354654287299	486
0.0106789904542199	0.763311198004635	601
-0.10687175994753	1.22926627081488	26
-0.03635994831517	2.23704245651355	126
-0.02801043708842	0.553669292297474	2266
0.01284008349584	0.760648448535067	387
-0.0190906504648001	0.550321617620206	5394
0.0162571314550599	1.0316880595547	271
-0.0194204462082701	0.551189226731038	1768
0.0165448668291399	0.759410563089855	671
-0.0330973152037799	0.553408349636547	56
-0.01833170548507	0.550474500519343	839
0.0439409147969501	1.29583656317881	48
-0.0201615854936801	0.55033415003984	1315
-0.0148090882885701	0.548389809404095	486
-0.01406510425906	0.548397333153719	601
-0.0987248057791399	1.21691768744098	601
0.0237194574611801	1.02647944378184	126
0.01773782445026	1.02689523412789	41
-0.0201615854936801	0.55033415003984	387
0.01853269669075	0.753375864356607	33
-0.11225980502117	1.22791382863884	135
-0.0201615854936801	0.55033415003984	92
-0.0148090882885701	0.548389809404095	4140
0.01624146650967	0.757911091286895	1362
-0.0148090882885701	0.548389809404095	671
0.0162281405764699	0.756314977892655	56
-0.01867963642989	0.551199515777305	251
0.04915147496076	1.28680003621558	3407
0.0242285957358399	1.02643660961203	709
-0.0563074734840601	1.4828418385821	1315
0.0171661011528299	0.75904802450482	601
-0.01834057120307	0.550050642444883	126
-0.0222113149496199	0.551599382638492	126
-0.10247714592743	1.2207878097138	26
-0.01793915586182	0.550681864442582	387
-0.0600531953499599	1.49262790289044	1782
0.0125363585454501	0.762850768189531	1782
0.01778704217386	0.758349119765208	33
-0.01684905918208	0.549966932484854	747
-0.0233658235888801	0.551742344860982	271
-0.01867963642989	0.551199515777305	671
-0.01684905918208	0.549966932484854	914
-0.01684905918208	0.549966932484854	56
-0.10263749926747	1.89857328109483	588
0.0165448668291399	0.759410563089855	1315
-0.10961240078864	1.90735296451659	486
-0.0229578492434499	0.552861579278889	601
0.0143747157024601	0.757924517569841	41
-0.0175902174126199	0.550484114851072	387
-0.02187037799917	0.552145600192979	387
-0.0222113149496199	0.551599382638492	1782
-0.0572115512320901	1.48309066158246	33
-0.11170628431902	1.2305877832889	135
0.00727568676764001	0.764893675986884	135
-0.0175902174126199	0.550484114851072	135
-0.0194204462082701	0.551189226731038	747
-0.0237047183471799	0.553131982412369	747
-0.0175902174126199	0.550484114851072	92
0.0106789904542199	0.763311198004635	271
-0.0171990042076899	0.549264213163276	1362
-0.0194204462082701	0.551189226731038	3993
-0.0233658235888801	0.551742344860982	213
-0.02187037799917	0.552145600192979	183
-0.01833170548507	0.550474500519343	914
-0.0237047183471799	0.553131982412369	4788
0.07756290197043	1.71858390517385	48
0.01129840522229	0.763582575492988	562
0.0184076901328201	0.75723648157268	562
0.0392109459847401	1.30304086604622	601
0.03031790937288	1.01748007495024	601
-0.0201615854936801	0.55033415003984	601
-0.0171990042076899	0.549264213163276	601
0.00757966586990011	0.762502085868347	126
-0.0967012434513299	1.87641169390656	26
0.0372611766856501	1.30272922452383	26
0.0103749316466599	0.762431636633961	41
-0.10637803097768	1.22858701604816	3659
-0.0229578492434499	0.552861579278889	135
0.0116143427219699	0.761700246788856	65
-0.01867963642989	0.551199515777305	605
-0.0175902174126199	0.550484114851072	213
0.0472391359045099	1.28557503403991	48
-0.02636080205742	1.71583627923948	23
-0.0229578492434499	0.552861579278889	601
-0.0190906504648001	0.550321617620206	26
0.02217945530813	1.02688778579296	26
-0.0175902174126199	0.550484114851072	387
-0.0320151988527999	0.552700439493262	387
0.0165448668291399	0.759410563089855	33
-0.01867963642989	0.551199515777305	135
-0.0175902174126199	0.550484114851072	135
-0.01867963642989	0.551199515777305	135
0.0125363585454501	0.762850768189531	65
-0.0194204462082701	0.551189226731038	271
-0.02187037799917	0.552145600192979	4875
-0.0161082304962099	0.548551675553127	213
-0.0194204462082701	0.551189226731038	4632
-0.05342779393677	1.47989337062889	48
-0.01867963642989	0.551199515777305	16
-0.0222113149496199	0.551599382638492	486
0.0162571314550599	1.0316880595547	81
0.00727568676764001	0.764893675986884	126
0.01599197035305	0.758811048932772	26
-0.0229578492434499	0.552861579278889	126
0.01871077411124	0.755607155160683	26
-0.0226179329145799	0.552416088281882	26
0.02658181513517	1.02082609383453	26
0.0171661011528299	0.75904802450482	387
0.0285270272181699	1.02247697237609	1782
0.000775860295600062	0.765038330572272	3659
0.01129840522229	0.763582575492988	135
-0.01833170548507	0.550474500519343	65
-0.0229578492434499	0.552861579278889	853
-0.02801043708842	0.553669292297474	605
-0.0194204462082701	0.551189226731038	213
-0.01406510425906	0.548397333153719	43
-0.01867963642989	0.551199515777305	291
-0.10637489668719	1.90909632645643	1501
-0.0944465229404601	1.20566348226799	486
0.0467061429526101	1.2943353914512	601
0.02110027193831	1.02682674459202	601
0.02124601983105	0.754324576611081	135
-0.01257813221999	0.546472227688933	92
-0.01867963642989	0.551199515777305	4774
-0.0211231585375999	0.550885444723327	271
-0.0175902174126199	0.550484114851072	271
-0.0237047183471799	0.553131982412369	271
-0.0229578492434499	0.552861579278889	728
0.0529283878051101	1.53805018139124	291
0.0251436124525	1.02531786052478	467
-0.0201615854936801	0.55033415003984	486
0.0168492385878301	0.756691810281742	601
-0.0237047183471799	0.553131982412369	126
0.0211617750113899	1.02864109830435	126
0.0296140678171	1.01695519673023	126
-0.01793915586182	0.550681864442582	126
-0.0133214523362899	0.547881190959341	41
-0.10198311400129	1.21993634723184	33
-0.01867963642989	0.551199515777305	135
-0.0237047183471799	0.553131982412369	65
-0.01833170548507	0.550474500519343	2444
-0.01406510425906	0.548397333153719	271
-0.0133214523362899	0.547881190959341	271
-0.01867963642989	0.551199515777305	271
-0.0175902174126199	0.550484114851072	1205
0.0116143427219699	0.761700246788856	291
-0.05986591805563	1.49963957470903	486
0.02382323145975	1.02395408994369	81
0.0206595089923101	1.02401539879811	2604
0.0165448668291399	0.759410563089855	81
-0.01867963642989	0.551199515777305	601
-0.0175902174126199	0.550484114851072	3748
0.01871077411124	0.755607155160683	26
0.0078920702023999	0.764028740507937	26
-0.0175902174126199	0.550484114851072	33
-0.0226179329145799	0.552416088281882	135
-0.01833170548507	0.550474500519343	92
0.0125363585454501	0.762850768189531	747
-0.0175902174126199	0.550484114851072	4245
-0.01684905918208	0.549966932484854	51
-0.01867963642989	0.551199515777305	2444
-0.02187037799917	0.552145600192979	271
-0.0233658235888801	0.551742344860982	271
-0.01833170548507	0.550474500519343	1247
-0.0190735236970101	0.549621946077532	4275
-0.0194204462082701	0.551189226731038	56
-0.01833170548507	0.550474500519343	56
-0.01793915586182	0.550681864442582	16
-0.0171990042076899	0.549264213163276	79
-0.01833170548507	0.550474500519343	486
0.0298086414302301	1.01807488376152	2604
0.0168492385878301	0.756691810281742	601
-0.0201615854936801	0.55033415003984	126
-0.0133214523362899	0.547881190959341	26
-0.10705832963955	1.22493792896833	26
-0.0133214523362899	0.547881190959341	387
-0.01834057120307	0.550050642444883	33
-0.01793915586182	0.550681864442582	1782
0.0109947834108299	0.762259539823454	135
-0.02801043708842	0.553669292297474	135
-0.0161082304962099	0.548551675553127	2444
-0.02801043708842	0.553669292297474	271
-0.0226179329145799	0.552416088281882	2761
-0.0226179329145799	0.552416088281882	605
-0.01833170548507	0.550474500519343	2871
0.02000911746325	0.755377623377746	637
-0.01793915586182	0.550681864442582	671
-0.0540066178581999	1.49124812941897	116
0.0602330717083	1.53122739809556	1055
-0.11464347259909	1.23567919171849	601
0.01568262168429	0.758873820806681	601
-0.0194204462082701	0.551189226731038	601
-0.0194204462082701	0.551189226731038	126
-0.0954712062776899	1.2058185613859	126
0.0125363585454501	0.762850768189531	1502
-0.0190735236970101	0.549621946077532	33
0.01592333896194	0.759438031046279	33
-0.11621801306141	1.23256689047101	135
0.01129840522229	0.763582575492988	135
-0.01833170548507	0.550474500519343	135
-0.0148090882885701	0.548389809404095	65
-0.01867963642989	0.551199515777305	747
-0.02187037799917	0.552145600192979	747
-0.0133214523362899	0.547881190959341	2761
-0.10066308443142	1.2191723268948	48
-0.0222113149496199	0.551599382638492	1501
0.0116143427219699	0.761700246788856	467
-0.10346572361335	1.2213228672274	116
-0.10494239030521	1.22610427020303	79
-0.0133214523362899	0.547881190959341	267
-0.01833170548507	0.550474500519343	267
0.01475934706613	0.759537398828412	26
0.0294041486810801	1.01859137622764	26
0.02524631072753	1.02519389960119	26
-0.0175902174126199	0.550484114851072	387
0.01592333896194	0.759438031046279	135
-0.0237047183471799	0.553131982412369	135
0.01592333896194	0.759438031046279	65
-0.02876377688911	0.553275796031429	51
0.00573816335918997	0.764108055072956	51
0.01747004335381	0.756663056048577	271
-0.0194204462082701	0.551189226731038	56
0.0119175278396799	0.763411251497296	467
-0.02801043708842	0.553669292297474	452
0.0169137793345999	0.758148594472621	452
-0.02801043708842	0.553669292297474	562
-0.02187037799917	0.552145600192979	5387
0.0304886827555499	1.01806672323414	267
0.0278746151668801	1.01935273753289	1502
-0.0194204462082701	0.551189226731038	126
-0.1040361193339	1.9008793765622	41
-0.01834057120307	0.550050642444883	1286
-0.01684905918208	0.549966932484854	1286
0.01561951040345	0.758273432029444	92
0.01778704217386	0.758349119765208	271
0.0171661011528299	0.75904802450482	605
-0.0646191539157599	1.50291163049385	605
-0.0133214523362899	0.547881190959341	251
-0.0226179329145799	0.552416088281882	48
0.05707422630237	1.53249355121902	23
0.01537580367915	0.759367033073816	291
-0.01257813221999	0.546472227688933	2153
-0.01867963642989	0.551199515777305	2240
-0.01793915586182	0.550681864442582	858
-0.01834057120307	0.550050642444883	126
-0.0233658235888801	0.551742344860982	126
-0.01867963642989	0.551199515777305	26
-0.0194204462082701	0.551189226731038	1293
-0.01867963642989	0.551199515777305	1286
0.0240478269531601	1.02603206736299	1247
-0.0175902174126199	0.550484114851072	43
-0.000585159151349934	1.9096502097571	750
-0.0194204462082701	0.551189226731038	23
-0.02187037799917	0.552145600192979	23
-0.01793915586182	0.550681864442582	1501
-0.0222113149496199	0.551599382638492	452
0.00727568676764001	0.764893675986884	116
-0.10691641588264	1.22795457827845	126
0.00170180413433996	0.764062147063211	3748
-0.0226179329145799	0.552416088281882	3748
-0.02187037799917	0.552145600192979	26
0.0171661011528299	0.75904802450482	126
0.01778704217386	0.758349119765208	1293
-0.024451922565	0.552456091331436	1991
-0.01834057120307	0.550050642444883	164
-0.0237047183471799	0.553131982412369	1852
-0.0148090882885701	0.548389809404095	5106
-0.01684905918208	0.549966932484854	605
-0.01793915586182	0.550681864442582	56
-0.0161082304962099	0.548551675553127	23
-0.10603560874472	1.22806364560938	23
0.00819560269860009	0.762135663950305	467
0.01592333896194	0.759438031046279	79
0.00580338165614003	0.76125127482519	79
-0.10642265297753	1.22815760993745	81
0.01778704217386	0.758349119765208	1055
0.01561951040345	0.758273432029444	601
-0.0237047183471799	0.553131982412369	601
0.03963639035353	1.30279474401854	126
-0.0229578492434499	0.552861579278889	26
0.0171661011528299	0.75904802450482	126
0.0280897854790601	1.02079996471465	26
-0.0133214523362899	0.547881190959341	33
0.0247375467851501	1.02600797208634	1782
-0.01684905918208	0.549966932484854	33
-0.0237047183471799	0.553131982412369	135
-0.0226179329145799	0.552416088281882	1991
-0.0194204462082701	0.551189226731038	1991
-0.01867963642989	0.551199515777305	1991
-0.01793915586182	0.550681864442582	92
-0.0261719333284201	0.551946229427137	65
0.0184076901328201	0.75723648157268	668
-0.0198410677985901	0.54965404061661	1205
-0.01684905918208	0.549966932484854	1494
-0.01684905918208	0.549966932484854	1501
-0.0222113149496199	0.551599382638492	2153
-0.01793915586182	0.550681864442582	858
-0.02410461074891	1.71115961845144	126
-0.00334705497049992	1.91515936748249	126
0.0462461154293801	1.29505017397218	26
0.0172745237702401	1.02918682113373	3998
0.0861500669028501	1.89784882519391	3998
0.01624146650967	0.757911091286895	92
-0.0133214523362899	0.547881190959341	92
0.0236168160365999	1.02401575236479	605
-0.0175902174126199	0.550484114851072	2802
-0.11071936481132	1.22814342652572	2416
-0.01406510425906	0.548397333153719	251
0.0980609986951999	2.04767409044201	750
0.05392055252833	1.53525301582647	48
-0.10687175994753	1.22926627081488	23
0.01561951040345	0.758273432029444	79
-0.0175902174126199	0.550484114851072	4481
-0.0957564918375899	1.87972935232819	1055
0.0162983452085099	0.758703814770182	601
-0.11125605255829	1.23375150478604	126
-0.0229578492434499	0.552861579278889	26
-0.02187037799917	0.552145600192979	126
0.01129840522229	0.763582575492988	135
-0.0229578492434499	0.552861579278889	65
-0.01833170548507	0.550474500519343	92
-0.0194204462082701	0.551189226731038	92
-0.0237047183471799	0.553131982412369	164
-0.0229578492434499	0.552861579278889	1960
0.0119175278396799	0.763411251497296	4762
-0.01684905918208	0.549966932484854	123
-0.01833170548507	0.550474500519343	43
0.01284008349584	0.760648448535067	56
-0.01833170548507	0.550474500519343	251
0.0294041486810801	1.01859137622764	48
0.0612376100610099	1.53031394192388	1501
0.00727568676764001	0.764893675986884	116
-0.11031163766987	1.23239484815829	858
-0.0269256257472901	0.552956033505307	601
0.00758952045862005	0.761066710009692	601
0.0200856657450199	1.02819197612094	601
0.0169137793345999	0.758148594472621	26
0.00735426775950998	1.03410607789583	26
0.00665901307583994	0.765261578783683	26
-0.10932562119465	1.23097820784758	26
-0.0190906504648001	0.550321617620206	41
0.01129840522229	0.763582575492988	1782
0.0122607480333199	0.759343175819905	33
-0.0211231585375999	0.550885444723327	33
-0.0148090882885701	0.548389809404095	92
-0.0194204462082701	0.551189226731038	4385
0.01592333896194	0.759438031046279	43
-0.0233936745368599	0.550862796636914	43
-0.0229578492434499	0.552861579278889	1494
-0.0226179329145799	0.552416088281882	1501
-0.0161082304962099	0.548551675553127	79
0.0109947834108299	0.762259539823454	4481
0.0103749316466599	0.762431636633961	601
0.0247375467851501	1.02600797208634	26
-0.01834057120307	0.550050642444883	26
0.02000911746325	0.755377623377746	26
0.01778704217386	0.758349119765208	41
-0.0237047183471799	0.553131982412369	1782
0.0125363585454501	0.762850768189531	2441
-0.01793915586182	0.550681864442582	65
-0.01684905918208	0.549966932484854	65
-0.01833170548507	0.550474500519343	65
-0.02767965965745	0.552564085173501	1960
-0.01793915586182	0.550681864442582	605
-0.01833170548507	0.550474500519343	71
-0.0194204462082701	0.551189226731038	1205
-0.01833170548507	0.550474500519343	5247
-0.0175902174126199	0.550484114851072	5247
0.0153015173100599	0.759056625172602	858
0.0119175278396799	0.763411251497296	601
-0.0226179329145799	0.552416088281882	1444
0.04006287392193	1.2987142537179	1444
-0.0175902174126199	0.550484114851072	41
-0.01867963642989	0.551199515777305	387
-0.01406510425906	0.548397333153719	4703
-0.01867963642989	0.551199515777305	65
-0.01684905918208	0.549966932484854	3027
-0.0222113149496199	0.551599382638492	3027
-0.0211231585375999	0.550885444723327	51
-0.01833170548507	0.550474500519343	247
-0.01867963642989	0.551199515777305	4396
-0.01867963642989	0.551199515777305	3620
0.0137731451768	0.759912067951593	79
-0.01867963642989	0.551199515777305	116
0.02280435656283	1.0244268012757	730
-0.0171990042076899	0.549264213163276	81
-0.10652729667895	1.22901414219359	126
-0.01793915586182	0.550681864442582	1256
-0.0175902174126199	0.550484114851072	26
0.0293938861026599	1.01608282740075	41
-0.01833170548507	0.550474500519343	41
0.00727568676764001	0.764893675986884	135
-0.0133214523362899	0.547881190959341	135
-0.0148090882885701	0.548389809404095	92
-0.0320151988527999	0.552700439493262	3027
-0.01867963642989	0.551199515777305	1194
-0.0175902174126199	0.550484114851072	271
-0.02187037799917	0.552145600192979	605
0.0020050876903599	0.765882049063241	79
0.0376894918947801	1.30043884261156	858
-0.05724146227547	1.48736695267498	730
0.0476960433921001	1.29280531683243	730
-0.06166884096635	1.50066402314798	730
-0.0237047183471799	0.553131982412369	81
0.0137731451768	0.759912067951593	601
0.0391004397346999	1.30407970741235	126
-0.0229578492434499	0.552861579278889	33
0.0287895434765	1.01824056659765	2441
-0.024451922565	0.552456091331436	33
0.01523900940043	1.03204230215464	135
0.01561951040345	0.758273432029444	92
-0.02187037799917	0.552145600192979	65
-0.01684905918208	0.549966932484854	164
-0.01867963642989	0.551199515777305	3027
-0.0190735236970101	0.549621946077532	51
-0.0194204462082701	0.551189226731038	605
-0.0201615854936801	0.55033415003984	122
-0.0195605752196699	1.70370642475349	23
0.02217945530813	1.02688778579296	730
0.0221697618930301	0.75366238476359	41
-0.0226374288987801	0.549856773054565	41
-0.01867963642989	0.551199515777305	33
0.04262610173866	1.29472585202116	2441
-0.0233658235888801	0.551742344860982	135
-0.02725743812157	0.552658014762978	92
-0.01793915586182	0.550681864442582	1194
0.03082699011749	1.01653460397661	79
0.02838464729894	1.01944578877465	4481
-0.0222113149496199	0.551599382638492	858
-0.01793915586182	0.550681864442582	730
-0.01793915586182	0.550681864442582	601
0.0251436124525	1.02531786052478	1444
0.0103749316466599	0.762431636633961	26
0.0119175278396799	0.763411251497296	41
-0.0226179329145799	0.552416088281882	2698
-0.01867963642989	0.551199515777305	591
-0.01257813221999	0.546472227688933	251
0.0324258256988399	1.01372733165958	291
-0.01793915586182	0.550681864442582	601
-0.01684905918208	0.549966932484854	601
0.01957809021637	1.02811462231426	126
0.0438883611639	1.2983868759645	126
0.0289651897913901	1.01934512892471	26
-0.0237047183471799	0.553131982412369	1447
-0.01867963642989	0.551199515777305	26
-0.0194204462082701	0.551189226731038	3974
0.00512046256540999	0.763983990824277	1132
-0.0237047183471799	0.553131982412369	3026
-0.0175902174126199	0.550484114851072	1268
-0.01793915586182	0.550681864442582	291
0.01315489757833	0.761843472172444	730
-0.02187037799917	0.552145600192979	1233
0.0169137793345999	0.758148594472621	1233
-0.0175902174126199	0.550484114851072	4521
0.0206526612642	1.02885544987071	601
-0.0194204462082701	0.551189226731038	1972
0.01809055511489	0.756301931943798	126
0.0196976945938701	0.754364554964536	1132
-0.02187037799917	0.552145600192979	3026
0.01624146650967	0.757911091286895	1194
-0.0237047183471799	0.553131982412369	3472
0.0162983452085099	0.758703814770182	116
-0.0148090882885701	0.548389809404095	858
-0.0175902174126199	0.550484114851072	41
0.0171661011528299	0.75904802450482	5146
-0.0189396847919301	1.70470297112989	1132
-0.01684905918208	0.549966932484854	4228
-0.0269256257472901	0.552956033505307	1025
-0.0226179329145799	0.552416088281882	164
-0.0175902174126199	0.550484114851072	216
0.01561951040345	0.758273432029444	51
-0.01833170548507	0.550474500519343	122
-0.02801043708842	0.553669292297474	122
-0.0175902174126199	0.550484114851072	1268
-0.0229578492434499	0.552861579278889	1268
0.06178639430397	1.74068116645342	23
-0.1099590361828	1.22825509544171	79
-0.0148090882885701	0.548389809404095	858
-0.0618674198762399	1.50086250266209	26
-0.0155534047254999	0.547544421448577	827
-0.0155534047254999	0.547544421448577	33
-0.0133214523362899	0.547881190959341	539
-0.01793915586182	0.550681864442582	1132
-0.10880258056978	1.22663128892216	1132
0.0162983452085099	0.758703814770182	92
-0.0233658235888801	0.551742344860982	2441
-0.0229578492434499	0.552861579278889	92
-0.0175902174126199	0.550484114851072	65
-0.0226179329145799	0.552416088281882	3026
-0.0194204462082701	0.551189226731038	701
0.01475934706613	0.759537398828412	1194
-0.0175908297052101	0.54879582421027	1748
-0.01867963642989	0.551199515777305	122
0.0175993885555501	2.07273021490164	750
-0.0133214523362899	0.547881190959341	5146
-0.0171990042076899	0.549264213163276	539
-0.0237047183471799	0.553131982412369	65
-0.0175902174126199	0.550484114851072	164
-0.01684905918208	0.549966932484854	164
-0.0171990042076899	0.549264213163276	216
-0.01867963642989	0.551199515777305	216
-0.0133214523362899	0.547881190959341	1748
-0.01406510425906	0.548397333153719	671
0.01747004335381	0.756663056048577	48
-0.01793915586182	0.550681864442582	48
0.0345206198815899	1.011622420862	116
0.01561951040345	0.758273432029444	26
-0.02187037799917	0.552145600192979	2220
-0.0226179329145799	0.552416088281882	126
-0.01684905918208	0.549966932484854	65
-0.0201615854936801	0.55033415003984	51
-0.024451922565	0.552456091331436	51
-0.01793915586182	0.550681864442582	2692
0.0345206198815899	1.011622420862	858
0.0103749316466599	0.762431636633961	858
-0.02801043708842	0.553669292297474	858
0.0241166602513701	1.02391692354225	81
-0.01684905918208	0.549966932484854	126
-0.11080490215389	1.23236856126249	26
-0.10406581548053	1.22348985171652	41
-0.0201615854936801	0.55033415003984	33
-0.0226179329145799	0.552416088281882	92
-0.0237047183471799	0.553131982412369	92
0.00573816335918997	0.764108055072956	135
-0.0269256257472901	0.552956033505307	65
-0.0148090882885701	0.548389809404095	65
-0.0323377680085399	0.553061660492431	216
-0.01867963642989	0.551199515777305	605
-0.0194204462082701	0.551189226731038	605
-0.0229578492434499	0.552861579278889	306
-0.01867963642989	0.551199515777305	122
-0.01406510425906	0.548397333153719	3355
-0.05608316339896	1.48572913671647	79
-0.10263086194744	1.22494757686701	730
-0.0222113149496199	0.551599382638492	2163
0.02557089435737	1.02407049959421	26
-0.0226179329145799	0.552416088281882	827
-0.02801043708842	0.553669292297474	92
-0.10490175484348	1.21833775771911	1132
0.0175900013168999	1.02552757874793	92
0.0109947834108299	0.762259539823454	65
-0.01684905918208	0.549966932484854	65
0.01160300652547	0.7605521945031	216
-0.0175902174126199	0.550484114851072	216
-0.01793915586182	0.550681864442582	216
-0.0194204462082701	0.551189226731038	605
-0.01833170548507	0.550474500519343	605
-0.01406510425906	0.548397333153719	514
0.00881448393888995	1.03253761057344	291
0.0113416165699001	0.760002527897141	26
0.00727568676764001	0.764893675986884	3083
-0.01684905918208	0.549966932484854	634
-0.01684905918208	0.549966932484854	1181
-0.0222113149496199	0.551599382638492	1181
0.0247375467851501	1.02600797208634	92
-0.0175902174126199	0.550484114851072	92
-0.0194204462082701	0.551189226731038	164
-0.01867963642989	0.551199515777305	51
-0.01793915586182	0.550681864442582	216
-0.01867963642989	0.551199515777305	216
0.01624146650967	0.757911091286895	1194
-0.02725743812157	0.552658014762978	306
-0.10936675618394	1.22729329864779	291
0.02217945530813	1.02688778579296	79
0.035327826242	1.00503405367128	152
-0.01793915586182	0.550681864442582	730
-0.10682609061524	1.22478164231161	1814
-0.01833170548507	0.550474500519343	41
-0.01833170548507	0.550474500519343	4313
-0.0237047183471799	0.553131982412369	962
0.02093431032988	0.754713979888223	1132
-0.01793915586182	0.550681864442582	65
-0.01833170548507	0.550474500519343	1025
0.00727568676764001	0.764893675986884	47
-0.0171990042076899	0.549264213163276	306
-0.01833170548507	0.550474500519343	514
-0.0175902174126199	0.550484114851072	291
-0.02187037799917	0.552145600192979	79
0.01284008349584	0.760648448535067	1781
0.03309935646667	1.01532401109268	26
0.0410157495246799	1.30049327868468	26
0.0184076901328201	0.75723648157268	3083
0.0119175278396799	0.763411251497296	41
-0.0190735236970101	0.549621946077532	41
-0.0201615854936801	0.55033415003984	962
-0.0175902174126199	0.550484114851072	65
-0.01684905918208	0.549966932484854	395
-0.0194204462082701	0.551189226731038	605
-0.0194204462082701	0.551189226731038	306
-0.0237047183471799	0.553131982412369	112
-0.0201615854936801	0.55033415003984	112
-0.0175902174126199	0.550484114851072	112
-0.0171990042076899	0.549264213163276	514
0.0311689020945001	1.01422881775072	730
0.03527398202489	1.30065646093335	26
-0.05535938314793	1.4928734221645	26
0.0251436124525	1.02531786052478	962
0.01747004335381	0.756663056048577	278
-0.01684905918208	0.549966932484854	47
0.01809055511489	0.756301931943798	216
0.01284008349584	0.760648448535067	216
-0.0175902174126199	0.550484114851072	216
-0.01833170548507	0.550474500519343	51
-0.01867963642989	0.551199515777305	122
0.0416358513145501	1.29729414186038	79
-0.102907846681	1.20919491609823	79
-0.0190906504648001	0.550321617620206	1814
0.0171661011528299	0.75904802450482	1387
0.0192676060575401	1.02775995909835	1387
0.01284008349584	0.760648448535067	1387
-0.01867963642989	0.551199515777305	634
-0.0190906504648001	0.550321617620206	278
0.01809055511489	0.756301931943798	65
-0.0194204462082701	0.551189226731038	2551
-0.024451922565	0.552456091331436	43
-0.0175902174126199	0.550484114851072	644
-0.0222113149496199	0.551599382638492	23
0.0475630739055699	1.28937299773222	277
0.0237194574611801	1.02647944378184	152
-0.10697894799067	1.22634918401144	152
-0.0133214523362899	0.547881190959341	730
-0.0171990042076899	0.549264213163276	26
-0.01406510425906	0.548397333153719	1781
-0.0222113149496199	0.551599382638492	126
0.00697269206835993	0.76287814744911	634
-0.0175902174126199	0.550484114851072	634
-0.0175902174126199	0.550484114851072	33
-0.0226179329145799	0.552416088281882	1181
-0.0194204462082701	0.551189226731038	539
0.01129840522229	0.763582575492988	1229
-0.0237047183471799	0.553131982412369	278
0.01871077411124	0.755607155160683	65
-0.01833170548507	0.550474500519343	216
-0.0237047183471799	0.553131982412369	306
-0.01684905918208	0.549966932484854	3962
0.0212327596658199	1.02803723430554	4971
-0.0190906504648001	0.550321617620206	26
-0.0155534047254999	0.547544421448577	33
-0.0175908297052101	0.54879582421027	1181
-0.10203000831626	1.21990399666934	962
0.0119175278396799	0.763411251497296	65
-0.01684905918208	0.549966932484854	216
0.01809055511489	0.756301931943798	2551
-0.0194204462082701	0.551189226731038	2551
-0.0229578492434499	0.552861579278889	306
0.01778704217386	0.758349119765208	306
-0.01867963642989	0.551199515777305	66
-0.0175902174126199	0.550484114851072	5283
0.0078920702023999	0.764028740507937	23
-0.10357313583767	1.22324310256577	1501
-0.05761828559398	1.4947847381769	81
-0.11125605255829	1.23375150478604	26
0.0156256790343301	1.02955651877168	26
0.02656386511308	1.02088770533179	126
0.0054247939732901	0.764072841218079	33
0.01129840522229	0.763582575492988	1181
0.0237194574611801	1.02647944378184	539
-0.10637803097768	1.22858701604816	278
-0.01684905918208	0.549966932484854	65
-0.0175902174126199	0.550484114851072	1025
-0.02187037799917	0.552145600192979	164
-0.0190906504648001	0.550321617620206	51
-0.01406510425906	0.548397333153719	395
-0.01257813221999	0.546472227688933	395
-0.0194204462082701	0.551189226731038	605
-0.01833170548507	0.550474500519343	112
-0.0155534047254999	0.547544421448577	3000
0.03269391507925	1.0134708996962	277
-0.01833170548507	0.550474500519343	1501
-0.0245372395256001	1.70712144947085	26
0.01809055511489	0.756301931943798	33
-0.01867963642989	0.551199515777305	1229
-0.01867963642989	0.551199515777305	994
0.0153015173100599	0.759056625172602	164
-0.0194204462082701	0.551189226731038	164
-0.0171990042076899	0.549264213163276	164
-0.0175902174126199	0.550484114851072	2551
-0.01684905918208	0.549966932484854	2551
-0.0233658235888801	0.551742344860982	2551
-0.01867963642989	0.551199515777305	66
0.0137731451768	0.759912067951593	79
-0.01793915586182	0.550681864442582	858
-0.0171990042076899	0.549264213163276	126
0.00665901307583994	0.765261578783683	33
-0.0237047183471799	0.553131982412369	4381
-0.0226179329145799	0.552416088281882	4381
-0.02187037799917	0.552145600192979	898
0.0165448668291399	0.759410563089855	1229
-0.01833170548507	0.550474500519343	65
-0.0201615854936801	0.55033415003984	65
-0.0175902174126199	0.550484114851072	1223
-0.01867963642989	0.551199515777305	395
-0.0171990042076899	0.549264213163276	514
0.0251436124525	1.02531786052478	277
0.0078920702023999	0.764028740507937	1501
-0.11851214366346	1.23437413073284	79
0.0285270272181699	1.02247697237609	79
0.0215521815141499	0.754354654287299	79
0.02565217044963	1.02488978075624	4971
-0.01684905918208	0.549966932484854	2958
-0.01833170548507	0.550474500519343	278
-0.01833170548507	0.550474500519343	278
-0.0175902174126199	0.550484114851072	278
0.0125363585454501	0.762850768189531	65
0.0143747157024601	0.757924517569841	65
-0.01406510425906	0.548397333153719	164
-0.0175902174126199	0.550484114851072	51
-0.0133214523362899	0.547881190959341	2551
-0.0211231585375999	0.550885444723327	306
-0.0229578492434499	0.552861579278889	112
-0.0148090882885701	0.548389809404095	514
0.0119175278396799	0.763411251497296	79
0.02998103343741	1.01887443311445	79
-0.10705832963955	1.22493792896833	152
0.02000911746325	0.755377623377746	116
-0.01867963642989	0.551199515777305	858
-0.01867963642989	0.551199515777305	858
-0.02187037799917	0.552145600192979	3628
-0.0229578492434499	0.552861579278889	2958
-0.01684905918208	0.549966932484854	1377
0.0103749316466599	0.762431636633961	33
0.01624146650967	0.757911091286895	1229
0.01506660852604	0.758605598393455	65
-0.0201615854936801	0.55033415003984	65
-0.0161082304962099	0.548551675553127	216
-0.01867963642989	0.551199515777305	51
-0.01833170548507	0.550474500519343	605
0.0134581848063	0.760090988436568	1501
-0.0987641762151199	1.89428069567077	277
0.0250163580485501	0.74914716937243	4971
-0.0161082304962099	0.548551675553127	126
-0.10835397415967	1.22858677898478	26
-0.01867963642989	0.551199515777305	1101
0.02888776444154	1.01671926285746	278
-0.0148090882885701	0.548389809404095	164
-0.0194204462082701	0.551189226731038	51
-0.01833170548507	0.550474500519343	306
-0.0194204462082701	0.551189226731038	112
-0.0581235221671601	1.49841966403141	79
-0.10308062669028	1.22256810512924	858
-0.1083402873642	1.22726079356396	858
-0.0211231585375999	0.550885444723327	126
-0.0201615854936801	0.55033415003984	126
0.0162571314550599	1.0316880595547	26
-0.0201615854936801	0.55033415003984	194
-0.02725743812157	0.552658014762978	898
-0.01684905918208	0.549966932484854	278
-0.01406510425906	0.548397333153719	47
-0.0175902174126199	0.550484114851072	1922
-0.01867963642989	0.551199515777305	51
-0.01833170548507	0.550474500519343	2587
0.01530887270545	1.02965095607702	1501
0.0620889010339001	1.52916660101846	79
-0.01684905918208	0.549966932484854	26
-0.01793915586182	0.550681864442582	126
0.0165766778142999	1.02638519690913	26
-0.0211231585375999	0.550885444723327	194
-0.00260229531407008	0.765620012449549	34
-0.10687175994753	1.22926627081488	278
0.00573816335918997	0.764108055072956	65
0.0171661011528299	0.75904802450482	65
-0.0229578492434499	0.552861579278889	65
-0.01684905918208	0.549966932484854	47
-0.0161082304962099	0.548551675553127	47
-0.0148090882885701	0.548389809404095	47
-0.0194204462082701	0.551189226731038	605
-0.01684905918208	0.549966932484854	112
-0.0133214523362899	0.547881190959341	43
-0.0194204462082701	0.551189226731038	514
-0.01406510425906	0.548397333153719	2587
0.02174164129	1.02633716761601	126
0.01195502098348	0.758199545700001	26
-0.0194204462082701	0.551189226731038	194
-0.0194204462082701	0.551189226731038	194
-0.02187037799917	0.552145600192979	33
0.0320832764586001	1.01548787976187	1229
-0.0175902174126199	0.550484114851072	65
-0.01793915586182	0.550681864442582	65
-0.024451922565	0.552456091331436	47
-0.0133214523362899	0.547881190959341	47
-0.01867963642989	0.551199515777305	4830
-0.01406510425906	0.548397333153719	51
-0.0229578492434499	0.552861579278889	605
-0.02725743812157	0.552658014762978	514
-0.0194204462082701	0.551189226731038	1311
-0.024451922565	0.552456091331436	1501
0.0197050199579301	1.03000743070103	152
0.04915147496076	1.28680003621558	79
0.03082699011749	1.01653460397661	79
-0.01793915586182	0.550681864442582	858
0.01624146650967	0.757911091286895	26
0.0162983452085099	0.758703814770182	1814
-0.01406510425906	0.548397333153719	126
-0.01793915586182	0.550681864442582	126
0.00975478718977008	0.762163263594681	26
0.0500718041522299	1.28615812333897	26
-0.02187037799917	0.552145600192979	194
0.02565217044963	1.02488978075624	2062
-0.0175902174126199	0.550484114851072	34
-0.0175902174126199	0.550484114851072	47
-0.0175902174126199	0.550484114851072	51
-0.0226179329145799	0.552416088281882	4933
-0.01793915586182	0.550681864442582	43
-0.02187037799917	0.552145600192979	52
0.02747041865544	1.01742344098921	79
-0.0612179066933201	1.50126441624768	79
0.00139061851764	0.765952564890775	79
-0.01684905918208	0.549966932484854	858
-0.01793915586182	0.550681864442582	858
-0.10141303772169	1.89594415311637	26
-0.0222113149496199	0.551599382638492	2485
-0.0194204462082701	0.551189226731038	2485
0.0285270272181699	1.02247697237609	26
0.0193307005827901	0.754501979389326	864
-0.0194204462082701	0.551189226731038	194
-0.0171990042076899	0.549264213163276	33
0.02557089435737	1.02407049959421	1229
0.0116143427219699	0.761700246788856	278
0.01129840522229	0.763582575492988	51
-0.0237047183471799	0.553131982412369	4830
-0.0175902174126199	0.550484114851072	51
-0.01867963642989	0.551199515777305	306
-0.0175902174126199	0.550484114851072	306
-0.0992176667953899	1.21698962793166	79
-0.1094680278141	1.22752257045384	79
-0.0161082304962099	0.548551675553127	911
0.02565217044963	1.02488978075624	26
0.01809055511489	0.756301931943798	33
0.0203161481024601	0.754741636107711	194
0.0275813275115999	1.02122707870778	1229
0.0251436124525	1.02531786052478	34
-0.01684905918208	0.549966932484854	1026
-0.0222113149496199	0.551599382638492	1903
-0.0190735236970101	0.549621946077532	306
-0.0133214523362899	0.547881190959341	306
-0.01185329492061	1.67220516923923	1501
0.0610058075443101	1.52307032734835	277
-0.0511663435132701	1.48204961140291	1501
-0.0548304757646601	1.48766878515922	79
-0.05822702421065	1.49366588578757	1950
0.00604204889011006	0.765135241638034	1950
-0.09724724547188	1.2143453155925	152
-0.0161082304962099	0.548551675553127	864
0.01164779509617	0.760199741312899	801
-0.02187037799917	0.552145600192979	194
-0.01867963642989	0.551199515777305	1026
-0.0175902174126199	0.550484114851072	1026
-0.01833170548507	0.550474500519343	4830
-0.02187037799917	0.552145600192979	4933
0.02124601983105	0.754324576611081	79
0.00354150360094008	0.762464082059043	2485
0.01568262168429	0.758873820806681	434
0.0063555731143099	0.763740367668568	1051
-0.10247714592743	1.2207878097138	801
-0.01684905918208	0.549966932484854	194
-0.0226179329145799	0.552416088281882	194
-0.01257813221999	0.546472227688933	898
-0.01793915586182	0.550681864442582	898
0.0260782203049601	1.02237730525414	278
0.0233138877407	1.02438215085903	278
-0.01834057120307	0.550050642444883	47
-0.0175902174126199	0.550484114851072	4830
-0.01406510425906	0.548397333153719	605
-0.0229578492434499	0.552861579278889	66
0.0171661011528299	0.75904802450482	1501
0.01747004335381	0.756663056048577	1501
-0.01793915586182	0.550681864442582	79
-0.0175902174126199	0.550484114851072	152
-0.01793915586182	0.550681864442582	1950
0.00609874801202004	0.761178747505697	1950
0.01809055511489	0.756301931943798	2485
0.00727568676764001	0.764893675986884	2485
-0.01793915586182	0.550681864442582	126
0.01164779509617	0.760199741312899	26
-0.01684905918208	0.549966932484854	26
0.0251436124525	1.02531786052478	801
-0.01793915586182	0.550681864442582	1229
-0.01412797765292	1.69382573733212	1229
-0.01793915586182	0.550681864442582	34
-0.0233658235888801	0.551742344860982	65
-0.01793915586182	0.550681864442582	65
0.03776271507611	1.00159917871933	65
-0.01257813221999	0.546472227688933	1026
-0.01257813221999	0.546472227688933	47
-0.01793915586182	0.550681864442582	812
0.00757966586990011	0.762502085868347	605
-0.01406510425906	0.548397333153719	1135
-0.01438010068528	1.69285521652913	26
0.0453256328770799	1.29523542690259	2485
0.01599197035305	0.758811048932772	126
-0.10785973143617	1.22931032174041	26
-0.01833170548507	0.550474500519343	34
0.0232101318426201	1.02609045528492	1173
-0.0175902174126199	0.550484114851072	47
-0.0201615854936801	0.55033415003984	47
-0.02187037799917	0.552145600192979	47
-0.01867963642989	0.551199515777305	47
-0.0175902174126199	0.550484114851072	812
-0.01793915586182	0.550681864442582	605
-0.0194204462082701	0.551189226731038	51
-0.01793915586182	0.550681864442582	306
-0.02725743812157	0.552658014762978	368
-0.01793915586182	0.550681864442582	368
-0.0190906504648001	0.550321617620206	112
-0.0175902174126199	0.550484114851072	26
-0.0133214523362899	0.547881190959341	26
-0.10981854405075	1.23193117012239	1229
-0.02187037799917	0.552145600192979	65
0.02717672367142	1.02102489221966	1026
-0.0175902174126199	0.550484114851072	47
-0.01833170548507	0.550474500519343	812
-0.0237047183471799	0.553131982412369	306
-0.01867963642989	0.551199515777305	306
-0.0175902174126199	0.550484114851072	112
-0.0201615854936801	0.55033415003984	4415
-0.0196695927672701	2.3920541627518	23
-0.0542720443106399	1.48232958432283	152
0.0116143427219699	0.761700246788856	2485
-0.01406510425906	0.548397333153719	2279
-0.06552251350942	1.50568884451072	1386
-0.01867963642989	0.551199515777305	4305
0.0321857641482	1.01406258130427	33
0.02448792840739	1.02260431607443	34
-0.0194204462082701	0.551189226731038	1026
0.01592333896194	0.759438031046279	1151
-0.01833170548507	0.550474500519343	47
-0.01833170548507	0.550474500519343	812
-0.0201615854936801	0.55033415003984	306
-0.01833170548507	0.550474500519343	514
-0.01833170548507	0.550474500519343	66
-0.0194204462082701	0.551189226731038	52
-0.0211497334095201	1.71198007878782	23
0.0510590073697501	1.28464130238058	1501
0.0420971499337399	1.29787793564097	79
0.0462461154293801	1.29505017397218	938
-0.0974191784753999	1.21225322976993	938
-0.0194204462082701	0.551189226731038	126
0.0119175278396799	0.763411251497296	26
0.0206277143186899	0.755017748186865	510
-0.0586101960229299	1.49544515552146	26
0.0125363585454501	0.762850768189531	801
-0.01793915586182	0.550681864442582	194
0.0295431346428601	1.02123807492291	34
-0.0529759857987999	1.48195503030716	1229
0.0196976945938701	0.754364554964536	34
-0.01406510425906	0.548397333153719	1173
0.0165448668291399	0.759410563089855	812
-0.01406510425906	0.548397333153719	812
-0.01257813221999	0.546472227688933	812
-0.0269256257472901	0.552956033505307	51
-0.01257813221999	0.546472227688933	3536
-0.0237047183471799	0.553131982412369	4119
-0.01867963642989	0.551199515777305	514
0.0562988688502299	1.53585222989944	1501
0.02513212653113	1.02112836308357	2851
-0.0175908297052101	0.54879582421027	938
0.0452671570090799	1.2939436752927	26
0.0266687259410301	1.02283390380658	938
-0.01833170548507	0.550474500519343	126
-0.01684905918208	0.549966932484854	864
-0.10835397415967	1.22858677898478	801
-0.0175902174126199	0.550484114851072	194
0.00170180413433996	0.764062147063211	194
-0.01684905918208	0.549966932484854	194
-0.0226179329145799	0.552416088281882	34
0.01809055511489	0.756301931943798	1173
0.0288944917640499	1.0191869890738	47
-0.0133214523362899	0.547881190959341	812
-0.01406510425906	0.548397333153719	812
-0.0201615854936801	0.55033415003984	605
-0.0175902174126199	0.550484114851072	4119
-0.01684905918208	0.549966932484854	819
-0.0194204462082701	0.551189226731038	4712
-0.09308611728071	2.40499003536278	1501
0.0468425454622099	1.2888212348647	938
0.0304229003459999	1.01629366819613	938
-0.0229578492434499	0.552861579278889	126
-0.0171990042076899	0.549264213163276	1086
-0.11076264740338	1.2332872822926	194
0.0168492385878301	0.756691810281742	34
-0.0194204462082701	0.551189226731038	812
-0.0194204462082701	0.551189226731038	605
-0.0175902174126199	0.550484114851072	112
-0.01684905918208	0.549966932484854	66
-0.02801043708842	0.553669292297474	514
0.01747004335381	0.756663056048577	79
0.0287895434765	1.01824056659765	79
-0.10731995616811	1.22590575833634	126
-0.06395866562189	1.50253372033777	1386
0.0116143427219699	0.761700246788856	510
-0.0187506126313699	1.70080851549097	864
0.04453879289458	1.28981934435051	801
0.0113416165699001	0.760002527897141	801
-0.02876377688911	0.553275796031429	1086
0.02998103343741	1.01887443311445	34
-0.0229578492434499	0.552861579278889	34
0.01592333896194	0.759438031046279	1173
-0.01867963642989	0.551199515777305	3932
-0.024451922565	0.552456091331436	3932
-0.01867963642989	0.551199515777305	51
0.00604204889011006	0.765135241638034	605
-0.0175902174126199	0.550484114851072	605
-0.0226179329145799	0.552416088281882	368
-0.01867963642989	0.551199515777305	537
0.00819560269860009	0.762135663950305	66
-0.0269256257472901	0.552956033505307	52
-0.0934638538939001	2.40382323075267	23
0.0279806519479	1.01716417707732	23
0.0119175278396799	0.763411251497296	1501
0.0251436124525	1.02531786052478	79
-0.024451922565	0.552456091331436	79
-0.02187037799917	0.552145600192979	79
0.01568262168429	0.758873820806681	126
0.0383706500254	1.00485270517029	801
0.0579524207844999	1.26323405084206	194
-0.01867963642989	0.551199515777305	4037
-0.01793915586182	0.550681864442582	2620
-0.0175902174126199	0.550484114851072	390
-0.0194204462082701	0.551189226731038	51
-0.11661909796821	1.23044522812408	605
-0.0171990042076899	0.549264213163276	368
0.01561951040345	0.758273432029444	368
-0.01684905918208	0.549966932484854	1581
-0.0226179329145799	0.552416088281882	66
-0.0201615854936801	0.55033415003984	52
-0.0269256257472901	0.552956033505307	23
-0.0175902174126199	0.550484114851072	23
-0.0229578492434499	0.552861579278889	152
-0.01793915586182	0.550681864442582	26
0.0162983452085099	0.758703814770182	938
-0.0161082304962099	0.548551675553127	26
-0.0194204462082701	0.551189226731038	801
0.0576498438437301	1.53302273806573	605
-0.0201615854936801	0.55033415003984	1581
0.00697269206835993	0.76287814744911	441
-0.10932562119465	1.23097820784758	537
0.0110345544285599	0.760564294836467	52
-0.01406510425906	0.548397333153719	152
-0.02187037799917	0.552145600192979	152
-0.01684905918208	0.549966932484854	26
-0.01867963642989	0.551199515777305	34
0.01561951040345	0.758273432029444	34
-0.0175902174126199	0.550484114851072	1173
-0.09840033028781	1.21403153977855	4037
0.02707268742751	1.02127154106247	605
0.00949967415282993	0.761100657049278	537
0.0288944917640499	1.0191869890738	79
0.02998103343741	1.01887443311445	26
-0.0148090882885701	0.548389809404095	852
0.01537580367915	0.759367033073816	801
-0.0175902174126199	0.550484114851072	2741
0.01129840522229	0.763582575492988	34
-0.0201615854936801	0.55033415003984	18
-0.0171990042076899	0.549264213163276	368
-0.01867963642989	0.551199515777305	368
-0.0226179329145799	0.552416088281882	441
-0.0201615854936801	0.55033415003984	152
-0.0226179329145799	0.552416088281882	801
-0.0161082304962099	0.548551675553127	1086
-0.0211231585375999	0.550885444723327	33
-0.0237047183471799	0.553131982412369	33
0.0291953416561399	1.0137445888835	1229
0.06770639249041	1.51407855800154	1229
-0.0229578492434499	0.552861579278889	1663
-0.01684905918208	0.549966932484854	368
-0.0194204462082701	0.551189226731038	66
-0.10691176675035	1.90534143493138	23
-0.10218018908017	1.22126164325593	79
-0.0581235221671601	1.49841966403141	152
0.0453954849173599	1.28996595561158	152
-0.01833170548507	0.550474500519343	26
0.0200856657450199	1.02819197612094	26
-0.0229578492434499	0.552861579278889	801
-0.01793915586182	0.550681864442582	34
-0.0201615854936801	0.55033415003984	47
-0.01684905918208	0.549966932484854	812
-0.0237047183471799	0.553131982412369	812
-0.0175902174126199	0.550484114851072	390
0.0171661011528299	0.75904802450482	3480
0.0116143427219699	0.761700246788856	390
-0.01684905918208	0.549966932484854	52
0.0169137793345999	0.758148594472621	23
-0.01867963642989	0.551199515777305	938
0.03874986082072	1.30309545593951	152
-0.0576726913511101	1.49762912413729	938
-0.0194204462082701	0.551189226731038	1134
0.0395318123653801	1.29769806781548	26
-0.0194204462082701	0.551189226731038	801
0.00727568676764001	0.764893675986884	1173
0.04236359778759	1.29681592674891	47
0.02021444911343	1.02979291111824	3480
-0.0175902174126199	0.550484114851072	51
-0.0175902174126199	0.550484114851072	350
-0.05746221496884	1.49010415600874	982
0.02506338689152	1.02517497657364	982
0.0226880220846499	1.02519015650449	152
0.0268602807842899	0.745408585597591	26
-0.06030942362234	1.49796480696201	26
0.0181550997404301	1.02645084181888	269
0.0221697618930301	0.75366238476359	801
-0.0226179329145799	0.552416088281882	34
-0.0171990042076899	0.549264213163276	2256
-0.01833170548507	0.550474500519343	150
-0.0229578492434499	0.552861579278889	150
-0.01833170548507	0.550474500519343	3480
-0.01867963642989	0.551199515777305	3480
-0.0161082304962099	0.548551675553127	112
-0.10668431796474	1.22131700142868	3195
0.01568262168429	0.758873820806681	3195
-0.0161082304962099	0.548551675553127	194
0.0119175278396799	0.763411251497296	47
0.01809055511489	0.756301931943798	47
-0.01833170548507	0.550474500519343	2256
-0.01833170548507	0.550474500519343	3525
-0.0261719333284201	0.551946229427137	150
0.01407599498447	0.759090320592301	812
-0.0148090882885701	0.548389809404095	368
-0.10203000831626	1.21990399666934	320
0.02998103343741	1.01887443311445	938
-0.0222113149496199	0.551599382638492	3195
-0.0229578492434499	0.552861579278889	26
-0.01867963642989	0.551199515777305	26
0.0122216908150199	0.760819889603963	801
0.0153015173100599	0.759056625172602	194
-0.02187037799917	0.552145600192979	194
0.0119175278396799	0.763411251497296	1173
-0.01867963642989	0.551199515777305	3524
-0.0229578492434499	0.552861579278889	390
-0.01867963642989	0.551199515777305	587
-0.0175902174126199	0.550484114851072	26
-0.01684905918208	0.549966932484854	3195
-0.0194204462082701	0.551189226731038	26
0.0206526612642	1.02885544987071	801
-0.01867963642989	0.551199515777305	1173
-0.0175902174126199	0.550484114851072	4279
-0.01867963642989	0.551199515777305	587
0.0251436124525	1.02531786052478	36
-0.01406510425906	0.548397333153719	3985
0.0247375467851501	1.02600797208634	3985
-0.01867963642989	0.551199515777305	1134
-0.0229578492434499	0.552861579278889	26
-0.01793915586182	0.550681864442582	194
-0.0148090882885701	0.548389809404095	34
0.01475934706613	0.759537398828412	34
-0.0194204462082701	0.551189226731038	34
-0.0194204462082701	0.551189226731038	150
0.0109947834108299	0.762259539823454	812
-0.01867963642989	0.551199515777305	390
-0.01867963642989	0.551199515777305	1755
-0.01867963642989	0.551199515777305	66
-0.01793915586182	0.550681864442582	66
0.0207236956449399	1.02914632111417	1134
-0.01793915586182	0.550681864442582	1134
0.01129840522229	0.763582575492988	3195
0.0224817577787899	0.751229543680751	3901
-0.01867963642989	0.551199515777305	26
-0.10341771685893	1.21814354164525	26
-0.01867963642989	0.551199515777305	194
-0.02801043708842	0.553669292297474	194
-0.0237047183471799	0.553131982412369	34
-0.0201615854936801	0.55033415003984	150
0.0134581848063	0.760090988436568	3051
-0.0133214523362899	0.547881190959341	368
-0.0175902174126199	0.550484114851072	66
0.0167659187731699	1.03074837815194	23
0.00727568676764001	0.764893675986884	36
0.01809055511489	0.756301931943798	36
-0.0233936745368599	0.550862796636914	1134
-0.01867963642989	0.551199515777305	26
-0.0190906504648001	0.550321617620206	26
-0.0175902174126199	0.550484114851072	26
-0.0229578492434499	0.552861579278889	26
-0.0148090882885701	0.548389809404095	26
-0.0171990042076899	0.549264213163276	269
-0.11086717276191	1.22842414748545	801
-0.02187037799917	0.552145600192979	194
-0.01793915586182	0.550681864442582	194
-0.01793915586182	0.550681864442582	194
-0.0190906504648001	0.550321617620206	194
-0.01406510425906	0.548397333153719	194
-0.0190735236970101	0.549621946077532	1173
-0.0171990042076899	0.549264213163276	47
-0.0190906504648001	0.550321617620206	390
-0.0148090882885701	0.548389809404095	129
-0.01684905918208	0.549966932484854	129
-0.01257813221999	0.546472227688933	66
-0.01867963642989	0.551199515777305	66
-0.10588447305452	1.22745785777559	1134
0.0098072089666501	0.759388189042099	1134
0.0169137793345999	0.758148594472621	26
-0.01793915586182	0.550681864442582	801
-0.0229578492434499	0.552861579278889	801
-0.0237047183471799	0.553131982412369	194
-0.02187037799917	0.552145600192979	328
0.01284008349584	0.760648448535067	2342
0.0171661011528299	0.75904802450482	34
-0.0133214523362899	0.547881190959341	47
0.0078920702023999	0.764028740507937	150
-0.01833170548507	0.550474500519343	3051
-0.0133214523362899	0.547881190959341	2791
-0.0171990042076899	0.549264213163276	390
-0.01684905918208	0.549966932484854	129
-0.0171990042076899	0.549264213163276	51
0.00323315982757011	0.763538984266434	26
-0.0229578492434499	0.552861579278889	5324
-0.0261719333284201	0.551946229427137	26
0.0113416165699001	0.760002527897141	30
-0.02801043708842	0.553669292297474	30
-0.1010423828626	1.21859186024894	34
0.0344956028661001	1.30579104030578	1173
-0.01867963642989	0.551199515777305	47
0.00819560269860009	0.762135663950305	150
-0.0229578492434499	0.552861579278889	150
-0.01833170548507	0.550474500519343	3051
-0.0133214523362899	0.547881190959341	368
-0.0175902174126199	0.550484114851072	1526
-0.0269256257472901	0.552956033505307	3089
-0.0233658235888801	0.551742344860982	152
-0.0233658235888801	0.551742344860982	152
0.0109947834108299	0.762259539823454	938
0.01747004335381	0.756663056048577	1134
0.01624146650967	0.757911091286895	1134
-0.01834057120307	0.550050642444883	2043
0.07557244093366	1.71978224906386	34
-0.0194204462082701	0.551189226731038	47
-0.01684905918208	0.549966932484854	47
0.0122216908150199	0.760819889603963	2523
-0.0261719333284201	0.551946229427137	150
-0.0133214523362899	0.547881190959341	150
-0.01684905918208	0.549966932484854	587
-0.0226179329145799	0.552416088281882	587
-0.01793915586182	0.550681864442582	112
0.01660784732416	0.757812324223895	556
-0.01867963642989	0.551199515777305	320
-0.01867963642989	0.551199515777305	23
-0.02725743812157	0.552658014762978	23
0.01592333896194	0.759438031046279	36
-0.01684905918208	0.549966932484854	152
-0.0211231585375999	0.550885444723327	152
0.00573816335918997	0.764108055072956	1134
-0.02187037799917	0.552145600192979	26
-0.01684905918208	0.549966932484854	30
-0.0190735236970101	0.549621946077532	3246
-0.0175902174126199	0.550484114851072	47
0.0141426002774301	0.759269078836586	1481
-0.01867963642989	0.551199515777305	129
-0.0190906504648001	0.550321617620206	112
-0.01793915586182	0.550681864442582	66
-0.01867963642989	0.551199515777305	23
-0.0175902174126199	0.550484114851072	36
0.0122607480333199	0.759343175819905	938
-0.02187037799917	0.552145600192979	1134
-0.0233936745368599	0.550862796636914	2043
-0.01833170548507	0.550474500519343	2771
-0.1049858966867	1.22282536708897	801
0.01561951040345	0.758273432029444	801
-0.01406510425906	0.548397333153719	1173
-0.01833170548507	0.550474500519343	129
0.0162983452085099	0.758703814770182	3616
-0.0171990042076899	0.549264213163276	1571
-0.0194204462082701	0.551189226731038	3103
0.0256312874937501	0.748462431786099	152
0.0162571314550599	1.0316880595547	26
-0.0261719333284201	0.551946229427137	26
0.0104210257967201	0.760439585074425	30
-0.0190735236970101	0.549621946077532	30
0.0210348971130701	1.0250113821374	328
-0.01793915586182	0.550681864442582	3246
-0.0222113149496199	0.551599382638492	47
0.0206277143186899	0.755017748186865	1481
-0.0175902174126199	0.550484114851072	1481
0.0206277143186899	0.755017748186865	587
-0.0175902174126199	0.550484114851072	112
-0.0161082304962099	0.548551675553127	2652
-0.0175902174126199	0.550484114851072	1755
-0.01833170548507	0.550474500519343	52
0.01957809021637	1.02811462231426	23
0.0472362201849801	1.2935192893122	36
-0.10193522163418	1.21428155661285	26
-0.01793915586182	0.550681864442582	26
0.02186403423846	0.753221450651074	2043
-0.0211231585375999	0.550885444723327	26
-0.01867963642989	0.551199515777305	26
0.0441045765103001	1.54890810647996	26
0.0162983452085099	0.758703814770182	26
0.0119175278396799	0.763411251497296	328
-0.0226179329145799	0.552416088281882	328
0.0165448668291399	0.759410563089855	129
0.0333713736726899	1.01294603249708	150
-0.0229578492434499	0.552861579278889	690
-0.02187037799917	0.552145600192979	690
-0.01867963642989	0.551199515777305	2730
-0.0194204462082701	0.551189226731038	390
0.0149972602149799	0.758302386104218	368
-0.01834057120307	0.550050642444883	2652
0.0278746151668801	1.01935273753289	23
-0.0171990042076899	0.549264213163276	938
-0.0229578492434499	0.552861579278889	1134
-0.0237047183471799	0.553131982412369	26
-0.0538784496034901	1.48475171826717	26
-0.0161082304962099	0.548551675553127	30
0.0363398904893999	1.30589868050483	194
0.01315489757833	0.761843472172444	129
0.0171661011528299	0.75904802450482	1481
-0.01867963642989	0.551199515777305	835
0.01284008349584	0.760648448535067	390
-0.0226179329145799	0.552416088281882	368
-0.0233658235888801	0.551742344860982	4168
0.0241166602513701	1.02391692354225	938
0.0566473419303299	1.53329371936622	938
0.03902563178549	1.29989031359204	938
0.01592333896194	0.759438031046279	938
-0.0175902174126199	0.550484114851072	26
0.02186403423846	0.753221450651074	26
-0.0175902174126199	0.550484114851072	30
0.01129840522229	0.763582575492988	509
-0.01406510425906	0.548397333153719	47
0.01613275571436	1.02941744274624	150
-0.01684905918208	0.549966932484854	2730
-0.0133214523362899	0.547881190959341	835
-0.01833170548507	0.550474500519343	835
-0.01833170548507	0.550474500519343	3481
-0.0226179329145799	0.552416088281882	587
-0.0194204462082701	0.551189226731038	3176
-0.0233658235888801	0.551742344860982	112
-0.10138612379836	1.89389206712547	938
-0.0171990042076899	0.549264213163276	26
-0.01833170548507	0.550474500519343	2829
-0.0229578492434499	0.552861579278889	3893
-0.0190906504648001	0.550321617620206	1481
-0.0226179329145799	0.552416088281882	2146
-0.01793915586182	0.550681864442582	690
0.0122336098195099	0.760696390018375	3481
-0.0233658235888801	0.551742344860982	368
-0.01833170548507	0.550474500519343	4168
-0.0194204462082701	0.551189226731038	781
-0.01793915586182	0.550681864442582	781
0.0444696241570699	1.29440374004793	23
0.0285270272181699	1.02247697237609	23
0.0298086414302301	1.01807488376152	23
-0.1035070713644	1.21939882413298	36
-0.01867963642989	0.551199515777305	152
-0.02187037799917	0.552145600192979	26
-0.01833170548507	0.550474500519343	26
-0.01684905918208	0.549966932484854	26
-0.0226179329145799	0.552416088281882	273
-0.0229578492434499	0.552861579278889	1098
-0.01684905918208	0.549966932484854	194
-0.01793915586182	0.550681864442582	1252
0.01778704217386	0.758349119765208	3481
0.03502780297054	1.01068446567723	3481
-0.01867963642989	0.551199515777305	390
-0.0194204462082701	0.551189226731038	390
-0.0161082304962099	0.548551675553127	4168
-0.01833170548507	0.550474500519343	26
-0.01833170548507	0.550474500519343	26
-0.10897718914098	1.22620930448001	26
0.0125363585454501	0.762850768189531	1442
0.0116143427219699	0.761700246788856	150
-0.0201615854936801	0.55033415003984	1252
-0.0194204462082701	0.551189226731038	690
-0.10203000831626	1.21990399666934	3339
-0.01867963642989	0.551199515777305	129
-0.02187037799917	0.552145600192979	368
-0.0237047183471799	0.553131982412369	4901
-0.0194204462082701	0.551189226731038	112
-0.0161082304962099	0.548551675553127	781
-0.0161082304962099	0.548551675553127	66
-0.0175902174126199	0.550484114851072	2924
-0.01833170548507	0.550474500519343	52
0.01720587383702	1.0305400611968	23
-0.01406510425906	0.548397333153719	26
0.0321857641482	1.01406258130427	26
0.0430871966604001	1.29530665453751	34
-0.11080490215389	1.23236856126249	509
0.0206277143186899	0.755017748186865	129
-0.01793915586182	0.550681864442582	1252
-0.0229578492434499	0.552861579278889	1252
-0.0226179329145799	0.552416088281882	690
-0.01793915586182	0.550681864442582	368
-0.01833170548507	0.550474500519343	368
0.0257548876813101	1.02394917609879	23
0.02160078563551	1.02476301988044	36
-0.01793915586182	0.550681864442582	36
-0.01867963642989	0.551199515777305	26
-0.01793915586182	0.550681864442582	4363
0.04545933860112	1.28920368156629	26
0.01561951040345	0.758273432029444	273
-0.02187037799917	0.552145600192979	194
-0.0148090882885701	0.548389809404095	194
-0.01867963642989	0.551199515777305	1481
-0.01406510425906	0.548397333153719	1252
-0.0194204462082701	0.551189226731038	835
0.0187710487692301	0.755028173933174	390
0.0078920702023999	0.764028740507937	368
-0.0175908297052101	0.54879582421027	1952
-0.0222113149496199	0.551599382638492	574
-0.02767965965745	0.552564085173501	194
-0.01867963642989	0.551199515777305	194
-0.02415026402579	0.550475389646869	194
-0.0222113149496199	0.551599382638492	2342
-0.0171990042076899	0.549264213163276	2342
0.0109947834108299	0.762259539823454	129
0.0171661011528299	0.75904802450482	47
-0.0148090882885701	0.548389809404095	390
-0.0133214523362899	0.547881190959341	390
0.01809055511489	0.756301931943798	51
0.01809055511489	0.756301931943798	51
-0.01834057120307	0.550050642444883	112
-0.01406510425906	0.548397333153719	54
-0.0175902174126199	0.550484114851072	296
-0.01684905918208	0.549966932484854	610
0.0221697618930301	0.75366238476359	1442
-0.03257228101383	1.72466582986521	34
-0.0965754963223	1.88186012614844	129
-0.01833170548507	0.550474500519343	1252
0.0143747157024601	0.757924517569841	390
0.01778704217386	0.758349119765208	112
-0.0222113149496199	0.551599382638492	938
-0.01684905918208	0.549966932484854	574
-0.01867963642989	0.551199515777305	3406
-0.01833170548507	0.550474500519343	1442
0.0169137793345999	0.758148594472621	4283
0.04348018787107	1.29697472334135	273
-0.0171990042076899	0.549264213163276	273
-0.0161082304962099	0.548551675553127	194
-0.06176655273498	1.50127171956888	129
-0.0194204462082701	0.551189226731038	1481
-0.0175902174126199	0.550484114851072	1252
0.0261605415731001	1.02407684478155	390
-0.0194204462082701	0.551189226731038	51
-0.01867963642989	0.551199515777305	1192
-0.02801043708842	0.553669292297474	368
-0.01793915586182	0.550681864442582	112
-0.0175902174126199	0.550484114851072	54
-0.01867963642989	0.551199515777305	1952
-0.0175902174126199	0.550484114851072	781
-0.05490832565974	1.49278848013683	23
-0.01406510425906	0.548397333153719	217
-0.01833170548507	0.550474500519343	26
0.02801870066596	1.02252014081199	26
0.0332018794371001	1.01253088606112	4283
-0.01793915586182	0.550681864442582	30
-0.01793915586182	0.550681864442582	509
-0.0538784496034901	1.48475171826717	1481
-0.0175902174126199	0.550484114851072	1624
0.0233138877407	1.02438215085903	129
-0.024451922565	0.552456091331436	368
-0.01684905918208	0.549966932484854	1611
-0.0171990042076899	0.549264213163276	781
-0.01684905918208	0.549966932484854	4557
-0.0226179329145799	0.552416088281882	378
-0.01406510425906	0.548397333153719	287
0.0848360867846301	1.89112335036579	23
-0.0265513976509699	1.71553364894779	23
-0.11068507398945	1.90376050144283	5431
0.0585824390252701	1.53472048865581	938
-0.01793915586182	0.550681864442582	938
-0.01793915586182	0.550681864442582	217
-0.0237047183471799	0.553131982412369	574
0.0122216908150199	0.760819889603963	574
0.0237194574611801	1.02647944378184	574
-0.02187037799917	0.552145600192979	26
0.0285270272181699	1.02247697237609	4283
-0.02187037799917	0.552145600192979	194
-0.01793915586182	0.550681864442582	194
0.00573816335918997	0.764108055072956	509
0.01748449744128	0.756105395003867	509
0.0171661011528299	0.75904802450482	18
-0.01684905918208	0.549966932484854	1192
-0.0175902174126199	0.550484114851072	51
-0.0175902174126199	0.550484114851072	51
0.0184076901328201	0.75723648157268	1976
-0.0133214523362899	0.547881190959341	302
-0.01793915586182	0.550681864442582	781
-0.01833170548507	0.550474500519343	769
-0.01793915586182	0.550681864442582	769
-0.02187037799917	0.552145600192979	296
-0.0211231585375999	0.550885444723327	938
-0.0133214523362899	0.547881190959341	574
-0.10153611005457	1.21944218778049	273
-0.01833170548507	0.550474500519343	30
0.02110027193831	1.02682674459202	509
0.07950500818748	1.70152453947034	129
-0.01867963642989	0.551199515777305	1487
-0.0593065504992101	1.4948446054215	129
0.01871077411124	0.755607155160683	368
-0.01406510425906	0.548397333153719	1426
0.00697269206835993	0.76287814744911	938
-0.01684905918208	0.549966932484854	574
0.01748449744128	0.756105395003867	26
-0.02187037799917	0.552145600192979	26
-0.02187037799917	0.552145600192979	253
-0.01793915586182	0.550681864442582	253
-0.0175902174126199	0.550484114851072	302
-0.0237047183471799	0.553131982412369	519
-0.024451922565	0.552456091331436	296
-0.02876377688911	0.553275796031429	574
0.00727568676764001	0.764893675986884	26
0.02280435656283	1.0244268012757	610
-0.11513636184698	1.23641793129181	26
-0.01793915586182	0.550681864442582	1442
-0.0665288848839101	1.50231135255667	129
-0.0175908297052101	0.54879582421027	1252
0.00949967415282993	0.761100657049278	1624
0.02093431032988	0.754713979888223	129
0.01537580367915	0.759367033073816	51
-0.0175908297052101	0.54879582421027	54
0.01129840522229	0.763582575492988	302
-0.0226179329145799	0.552416088281882	4046
-0.0229578492434499	0.552861579278889	287
-0.01257813221999	0.546472227688933	2252
-0.01867963642989	0.551199515777305	2252
0.0465699998068601	1.28815429890249	23
-0.1136979167657	1.23432680655132	44
0.0220488622013799	1.02365189082599	2579
0.0134581848063	0.760090988436568	129
-0.0190906504648001	0.550321617620206	1487
-0.01867963642989	0.551199515777305	51
-0.01684905918208	0.549966932484854	51
-0.0190906504648001	0.550321617620206	1667
-0.0229578492434499	0.552861579278889	187
0.0119175278396799	0.763411251497296	302
-0.01867963642989	0.551199515777305	54
-0.0175902174126199	0.550484114851072	54
-0.01793915586182	0.550681864442582	296
-0.0161082304962099	0.548551675553127	217
-0.0133214523362899	0.547881190959341	217
0.02838464729894	1.01944578877465	1442
-0.01833170548507	0.550474500519343	3541
-0.02187037799917	0.552145600192979	328
0.01284008349584	0.760648448535067	1252
-0.0175902174126199	0.550484114851072	112
-0.01834057120307	0.550050642444883	378
-0.09178738402926	1.87004974634517	23
-0.0161082304962099	0.548551675553127	610
-0.01684905918208	0.549966932484854	1442
-0.0190906504648001	0.550321617620206	253
-0.0237047183471799	0.553131982412369	2567
0.01624146650967	0.757911091286895	129
-0.02801043708842	0.553669292297474	1260
0.01592333896194	0.759438031046279	1260
-0.01684905918208	0.549966932484854	51
-0.0229578492434499	0.552861579278889	155
-0.0997560387199901	1.89801528230493	23
0.0662870396997	1.73454724089744	36
0.0216707063216399	1.02799533706952	36
0.0103749316466599	0.762431636633961	2504
-0.0185219532808101	1.7052591443542	371
0.0119175278396799	0.763411251497296	2567
-0.0175902174126199	0.550484114851072	2616
-0.0194204462082701	0.551189226731038	129
-0.10632935011862	1.90633048775632	129
0.01284008349584	0.760648448535067	527
0.0278746151668801	1.01935273753289	51
-0.0229578492434499	0.552861579278889	54
-0.01867963642989	0.551199515777305	2252
-0.01793915586182	0.550681864442582	2252
-0.0175902174126199	0.550484114851072	296
-0.03246613011196	1.7214994204857	23
-0.0171990042076899	0.549264213163276	2504
-0.0261719333284201	0.551946229427137	574
-0.0237047183471799	0.553131982412369	44
0.0122336098195099	0.760696390018375	253
0.01778704217386	0.758349119765208	509
-0.0524497718552399	1.48465886749443	129
-0.0194204462082701	0.551189226731038	18
-0.0175902174126199	0.550484114851072	129
-0.0148090882885701	0.548389809404095	1407
-0.0175902174126199	0.550484114851072	1407
-0.01867963642989	0.551199515777305	1407
-0.0222113149496199	0.551599382638492	302
-0.0269256257472901	0.552956033505307	54
-0.01684905918208	0.549966932484854	574
-0.0211231585375999	0.550885444723327	2504
-0.02187037799917	0.552145600192979	610
0.00348152760729992	1.89887986060119	44
-0.02187037799917	0.552145600192979	2616
-0.0198410677985901	0.54965404061661	187
-0.0190735236970101	0.549621946077532	187
0.0165448668291399	0.759410563089855	54
0.04776396925287	1.28665767973227	1723
0.02801870066596	1.02252014081199	2460
-0.024451922565	0.552456091331436	44
-0.09889116037618	1.21427715762127	44
-0.01684905918208	0.549966932484854	30
-0.02187037799917	0.552145600192979	34
0.01778704217386	0.758349119765208	34
0.0106789904542199	0.763311198004635	509
0.0462461154293801	1.29505017397218	129
0.0651244822426	1.51509939177742	129
-0.0226179329145799	0.552416088281882	1252
-0.02187037799917	0.552145600192979	51
-0.0226179329145799	0.552416088281882	296
-0.0175908297052101	0.54879582421027	2504
-0.01867963642989	0.551199515777305	574
-0.02876377688911	0.553275796031429	610
0.01129840522229	0.763582575492988	610
-0.018658979324	1.70279145405793	2460
-0.01684905918208	0.549966932484854	1407
-0.01793915586182	0.550681864442582	54
0.01592333896194	0.759438031046279	519
-0.02187037799917	0.552145600192979	287
-0.0175902174126199	0.550484114851072	287
-0.0226179329145799	0.552416088281882	2504
-0.10736566006625	1.22951384544957	574
-0.01793915586182	0.550681864442582	30
-0.0194204462082701	0.551189226731038	5228
-0.01684905918208	0.549966932484854	129
-0.0133214523362899	0.547881190959341	129
-0.05109899387743	1.48020700104969	390
-0.02187037799917	0.552145600192979	2528
-0.0133214523362899	0.547881190959341	54
-0.01833170548507	0.550474500519343	378
-0.0148090882885701	0.548389809404095	287
-0.01684905918208	0.549966932484854	296
0.0515187563486601	1.28375885447008	23
0.0769558443038101	1.70054898890804	36
0.0171661011528299	0.75904802450482	574
-0.0323377680085399	0.553061660492431	371
0.07202571971867	1.72570963235492	782
-0.02187037799917	0.552145600192979	253
-0.02876377688911	0.553275796031429	253
-0.01834057120307	0.550050642444883	2842
-0.0171990042076899	0.549264213163276	34
0.03082699011749	1.01653460397661	34
-0.10252407774994	1.21997677961473	390
-0.01684905918208	0.549966932484854	187
-0.0175902174126199	0.550484114851072	187
-0.024451922565	0.552456091331436	54
0.0294041486810801	1.01859137622764	574
0.0567961354161199	1.53326166603626	782
0.0109947834108299	0.762259539823454	714
-0.05335096776103	1.4852858166252	34
-0.0226179329145799	0.552416088281882	129
-0.02187037799917	0.552145600192979	2144
0.02280435656283	1.0244268012757	18
-0.01867963642989	0.551199515777305	54
-0.0226179329145799	0.552416088281882	519
-0.0237047183471799	0.553131982412369	574
-0.11855086154736	1.23710403720187	44
0.0541410176272801	1.53833340403562	782
-0.02876377688911	0.553275796031429	129
-0.024451922565	0.552456091331436	187
-0.0330973152037799	0.553408349636547	187
-0.0229578492434499	0.552861579278889	54
-0.01833170548507	0.550474500519343	54
-0.0194204462082701	0.551189226731038	519
-0.01793915586182	0.550681864442582	519
-0.01867963642989	0.551199515777305	287
-0.0194204462082701	0.551189226731038	23
0.00727568676764001	0.764893675986884	36
-0.10697894799067	1.22634918401144	36
0.01778704217386	0.758349119765208	36
-0.1113586439745	1.22974016059846	574
-0.12306841432022	2.23287500676805	371
-0.0233936745368599	0.550862796636914	44
0.0221697618930301	0.75366238476359	44
0.0458566119459301	1.28945589358373	34
-0.0148090882885701	0.548389809404095	129
0.0109947834108299	0.762259539823454	129
-0.01684905918208	0.549966932484854	129
0.0171661011528299	0.75904802450482	2144
0.0165448668291399	0.759410563089855	129
-0.0226179329145799	0.552416088281882	18
-0.0237047183471799	0.553131982412369	187
-0.01406510425906	0.548397333153719	3046
-0.0171990042076899	0.549264213163276	378
0.04493014781966	1.29326860596272	23
0.02014336496509	1.02860714024214	36
-0.0161082304962099	0.548551675553127	44
0.01809055511489	0.756301931943798	30
-0.10588447305452	1.22745785777559	34
-0.10880258056978	1.22663128892216	328
-0.01684905918208	0.549966932484854	129
0.01561951040345	0.758273432029444	12
-0.01684905918208	0.549966932484854	12
-0.02187037799917	0.552145600192979	129
0.0116143427219699	0.761700246788856	129
-0.0190735236970101	0.549621946077532	390
0.07775404875292	1.7115243737824	129
-0.01833170548507	0.550474500519343	187
-0.01867963642989	0.551199515777305	54
-0.01833170548507	0.550474500519343	54
-0.0194204462082701	0.551189226731038	769
-0.0175902174126199	0.550484114851072	2462
0.02186403423846	0.753221450651074	519
-0.0222113149496199	0.551599382638492	23
-0.01834057120307	0.550050642444883	36
-0.05438039034158	1.48788130506771	36
-0.01793915586182	0.550681864442582	36
-0.01867963642989	0.551199515777305	1211
-0.01867963642989	0.551199515777305	2842
0.0193902290263399	0.755405479634455	129
-0.0171990042076899	0.549264213163276	129
-0.0175902174126199	0.550484114851072	1632
-0.0229578492434499	0.552861579278889	187
-0.0175908297052101	0.54879582421027	2462
-0.11045021434801	1.22844478325435	23
0.0439576381081099	2.37222586362411	1992
-0.10554409081224	1.22656773057999	1992
-0.01867963642989	0.551199515777305	152
-0.11562942191716	1.23660843810015	574
0.0345206198815899	1.011622420862	30
0.05237447232073	1.27607805995035	34
0.01809055511489	0.756301931943798	2144
-0.0148090882885701	0.548389809404095	129
-0.024451922565	0.552456091331436	5057
-0.10637803097768	1.22858701604816	187
-0.0175902174126199	0.550484114851072	2948
-0.01406510425906	0.548397333153719	769
-0.01833170548507	0.550474500519343	23
-0.0269256257472901	0.552956033505307	36
-0.0194204462082701	0.551189226731038	36
-0.0229578492434499	0.552861579278889	36
-0.0194204462082701	0.551189226731038	36
0.0288944917640499	1.0191869890738	30
-0.06132547497676	1.50249072094185	30
-0.0175902174126199	0.550484114851072	1067
0.01537580367915	0.759367033073816	129
0.0125363585454501	0.762850768189531	129
-0.0269256257472901	0.552956033505307	129
-0.0229578492434499	0.552861579278889	1407
0.0109947834108299	0.762259539823454	302
-0.0237047183471799	0.553131982412369	23
-0.0211231585375999	0.550885444723327	23
-0.0175902174126199	0.550484114851072	152
0.00253866361076005	1.88986213391869	371
-0.01833170548507	0.550474500519343	129
-0.01867963642989	0.551199515777305	129
0.07264962552142	1.72101313467591	129
0.06156144545269	1.51638243268926	769
-0.01834057120307	0.550050642444883	23
0.0106789904542199	0.763311198004635	23
-0.0194204462082701	0.551189226731038	23
0.0262628426910301	2.42444291230594	2901
-0.0175902174126199	0.550484114851072	30
-0.0949378295219101	1.20650158473426	44
0.0165448668291399	0.759410563089855	204
0.01599197035305	0.758811048932772	34
-0.01867963642989	0.551199515777305	390
0.07958274321036	1.91180638165408	129
0.0206277143186899	0.755017748186865	187
0.01871077411124	0.755607155160683	1723
-0.0237047183471799	0.553131982412369	371
-0.0190906504648001	0.550321617620206	44
-0.0161082304962099	0.548551675553127	34
-0.01867963642989	0.551199515777305	129
0.0143747157024601	0.757924517569841	769
-0.0222113149496199	0.551599382638492	23
-0.01833170548507	0.550474500519343	36
-0.0237047183471799	0.553131982412369	36
-0.0229578492434499	0.552861579278889	44
-0.01834057120307	0.550050642444883	30
-0.1032461840744	1.21898146104098	34
-0.01793915586182	0.550681864442582	34
-0.0261719333284201	0.551946229427137	129
0.0433097992648901	1.29450452846228	129
-0.0237047183471799	0.553131982412369	129
0.0336071167225001	1.01473130594953	187
-0.0175902174126199	0.550484114851072	769
0.0103749316466599	0.762431636633961	862
-0.0194204462082701	0.551189226731038	296
-0.07087502551456	1.50985906589007	1723
-0.0217388892301	1.71237304434159	260
0.0457266877751901	1.29046343599811	44
-0.02187037799917	0.552145600192979	44
-0.01833170548507	0.550474500519343	34
-0.0933548788513601	1.8802515700906	129
-0.0229578492434499	0.552861579278889	1067
0.04914621856888	1.28673910443437	129
0.0168631287751999	0.757214073923297	129
0.0243323878386299	1.02314298573561	187
-0.0175902174126199	0.550484114851072	1220
-0.0237047183471799	0.553131982412369	1220
-0.0190906504648001	0.550321617620206	54
0.01748449744128	0.756105395003867	23
0.0104210257967201	0.760439585074425	1723
-0.02187037799917	0.552145600192979	371
0.01561951040345	0.758273432029444	371
0.0425583055154399	1.29799615369369	44
-0.02396285318251	1.70192176655658	44
0.00665901307583994	0.765261578783683	44
-0.10357313583767	1.22324310256577	129
-0.01793915586182	0.550681864442582	129
-0.0237047183471799	0.553131982412369	129
-0.01684905918208	0.549966932484854	2596
0.09178260856336	1.87394208549025	36
0.01747004335381	0.756663056048577	34
-0.01406510425906	0.548397333153719	129
0.0289651897913901	1.01934512892471	129
-0.11517615206995	1.23485803673604	129
-0.02876377688911	0.553275796031429	129
-0.0175902174126199	0.550484114851072	2596
-0.02187037799917	0.552145600192979	187
-0.01406510425906	0.548397333153719	187
-0.0211231585375999	0.550885444723327	187
-0.01867963642989	0.551199515777305	1407
-0.0175902174126199	0.550484114851072	2
-0.01833170548507	0.550474500519343	2
-0.0229578492434499	0.552861579278889	769
-0.0201615854936801	0.55033415003984	378
-0.05490832565974	1.49278848013683	152
0.04493014781966	1.29326860596272	30
-0.0226179329145799	0.552416088281882	44
-0.01793915586182	0.550681864442582	204
-0.01793915586182	0.550681864442582	34
-0.0233658235888801	0.551742344860982	34
-0.0201615854936801	0.55033415003984	34
0.01407599498447	0.759090320592301	129
-0.0194204462082701	0.551189226731038	129
0.0279806519479	1.01716417707732	129
0.02455569779431	1.0258187286238	51
-0.01684905918208	0.549966932484854	1220
-0.0194204462082701	0.551189226731038	54
0.0168631287751999	0.757214073923297	260
-0.0229578492434499	0.552861579278889	30
0.0153015173100599	0.759056625172602	129
-0.0226179329145799	0.552416088281882	129
0.0171661011528299	0.75904802450482	129
0.0221697618930301	0.75366238476359	51
0.0063555731143099	0.763740367668568	1220
-0.02187037799917	0.552145600192979	1220
-0.0201615854936801	0.55033415003984	1220
-0.0194204462082701	0.551189226731038	54
-0.0229578492434499	0.552861579278889	54
-0.0194204462082701	0.551189226731038	296
0.0430871966604001	1.29530665453751	36
-0.0585744887150601	1.49871363368601	574
-0.02187037799917	0.552145600192979	44
-0.05996564237325	1.49567872065129	1067
0.0440089577935501	1.29511826350025	1067
-0.0237047183471799	0.553131982412369	12
-0.02187037799917	0.552145600192979	12
0.01592333896194	0.759438031046279	129
0.0119175278396799	0.763411251497296	1220
0.01592333896194	0.759438031046279	2
-0.01833170548507	0.550474500519343	2
-0.01833170548507	0.550474500519343	769
-0.0171990042076899	0.549264213163276	287
0.01315489757833	0.761843472172444	371
-0.0171990042076899	0.549264213163276	371
0.0128172463146501	1.0311753605243	44
0.00323315982757011	0.763538984266434	34
0.01475934706613	0.759537398828412	34
-0.02187037799917	0.552145600192979	12
0.0193902290263399	0.755405479634455	129
0.01624146650967	0.757911091286895	129
0.0242285957358399	1.02643660961203	129
0.02360865444033	1.02455937999603	129
-0.0133214523362899	0.547881190959341	129
-0.01833170548507	0.550474500519343	187
0.0122336098195099	0.760696390018375	51
-0.0171990042076899	0.549264213163276	187
-0.01793915586182	0.550681864442582	1220
-0.0175902174126199	0.550484114851072	2
-0.01406510425906	0.548397333153719	54
-0.0222113149496199	0.551599382638492	54
-0.01793915586182	0.550681864442582	769
-0.0175902174126199	0.550484114851072	862
0.02093431032988	0.754713979888223	36
-0.0995247221376501	1.8910884509849	36
-0.10509181042738	1.2241254811725	36
-0.02454072134795	1.71299732861249	534
0.07804676592047	1.9091597648647	44
-0.0465837902434501	1.47152886505646	30
0.01778704217386	0.758349119765208	44
-0.01867963642989	0.551199515777305	30
-0.0229578492434499	0.552861579278889	204
0.0116143427219699	0.761700246788856	204
0.0146935142681699	0.757172984624529	34
0.0740129552324	1.72651305966666	1067
-0.0653139411280299	1.50063712175514	1067
0.01537580367915	0.759367033073816	1282
0.0162281405764699	0.756314977892655	129
-0.01793915586182	0.550681864442582	129
-0.01833170548507	0.550474500519343	2
-0.0133214523362899	0.547881190959341	2
0.0168631287751999	0.757214073923297	4637
-0.0190906504648001	0.550321617620206	769
0.0206277143186899	0.755017748186865	769
-0.0158475929142301	1.69947551600554	23
0.0257548876813101	1.02394917609879	44
-0.11088594807876	1.90423129036359	44
-0.05608316339896	1.48572913671647	34
0.0336071167225001	1.01473130594953	1067
0.00757966586990011	0.762502085868347	1074
-0.01867963642989	0.551199515777305	12
0.02801870066596	1.02252014081199	129
-0.0226179329145799	0.552416088281882	2
-0.01684905918208	0.549966932484854	2
-0.0194204462082701	0.551189226731038	2
-0.01867963642989	0.551199515777305	54
-0.01684905918208	0.549966932484854	769
0.03868028843521	1.30316807911405	23
0.04203047849513	1.29832878233286	36
0.0162571314550599	1.0316880595547	393
-0.11121273905736	1.22963742746941	574
-0.10830820104297	1.22683117649847	44
0.0775041473326299	1.7106174521108	2585
-0.01867963642989	0.551199515777305	44
-0.01793915586182	0.550681864442582	30
-0.0211231585375999	0.550885444723327	44
-0.01684905918208	0.549966932484854	5180
-0.01867963642989	0.551199515777305	34
-0.0226179329145799	0.552416088281882	34
0.0278746151668801	1.01935273753289	34
0.07911787134204	1.71265629693917	1067
0.00528350629527008	0.735395206690615	34
0.01568262168429	0.758873820806681	129
0.01669722288577	1.03097103307075	129
-0.0175902174126199	0.550484114851072	51
-0.01684905918208	0.549966932484854	1913
-0.0226179329145799	0.552416088281882	1220
0.0165448668291399	0.759410563089855	1220
-0.01867963642989	0.551199515777305	296
-0.0594250154828899	1.4940839543619	36
-0.12150723818526	2.23663406005526	36
0.01809055511489	0.756301931943798	36
-0.01867963642989	0.551199515777305	152
0.01592333896194	0.759438031046279	260
-0.0255944851985199	2.40840430292385	534
0.0444045798114701	1.29350979707006	44
-0.0194204462082701	0.551189226731038	2585
-0.02187037799917	0.552145600192979	44
-0.0175902174126199	0.550484114851072	44
-0.02725743812157	0.552658014762978	12
0.0168492385878301	0.756691810281742	51
0.0486910965842	1.28653777403222	3419
-0.01793915586182	0.550681864442582	51
0.0125363585454501	0.762850768189531	2
0.0165448668291399	0.759410563089855	2
0.01871077411124	0.755607155160683	2
-0.0148090882885701	0.548389809404095	371
-0.10059460937561	1.21441324923634	534
0.0329979534826099	1.01237851709817	44
-0.02187037799917	0.552145600192979	44
-0.0175902174126199	0.550484114851072	204
-0.0237047183471799	0.553131982412369	34
0.0700397887967701	1.51043367004944	34
0.00757966586990011	0.762502085868347	3419
-0.01406510425906	0.548397333153719	2
-0.01867963642989	0.551199515777305	769
0.0602330717083	1.53122739809556	23
0.0231266330372999	1.02280588376686	260
-0.0237047183471799	0.553131982412369	44
-0.11031163766987	1.23239484815829	2585
-0.0269256257472901	0.552956033505307	44
-0.0133214523362899	0.547881190959341	30
-0.01867963642989	0.551199515777305	34
0.02801870066596	1.02252014081199	34
-0.01793915586182	0.550681864442582	2506
-0.0269256257472901	0.552956033505307	1282
0.0216707063216399	1.02799533706952	129
-0.01793915586182	0.550681864442582	12
-0.0956123856733799	1.20289438471633	129
0.01561951040345	0.758273432029444	2
-0.01257813221999	0.546472227688933	2
-0.01684905918208	0.549966932484854	2
-0.01793915586182	0.550681864442582	49
-0.00552695218382993	1.9120984795481	36
0.0472362201849801	1.2935192893122	393
0.0870070809982599	1.89047991852525	36
-0.0331467054797401	1.7254576865882	36
0.01624146650967	0.757911091286895	260
0.0212327596658199	1.02803723430554	574
0.04301931813585	1.29769079713268	2585
-0.0211231585375999	0.550885444723327	30
0.0644149723871801	1.51538544121437	2854
0.0231004666979899	1.02477328446425	34
0.0209842897486601	0.751934327643554	12
0.02093431032988	0.754713979888223	1282
0.01129840522229	0.763582575492988	1074
-0.10258828793677	1.22144677831928	12
-0.01684905918208	0.549966932484854	2
0.0165448668291399	0.759410563089855	2
-0.02187037799917	0.552145600192979	54
-0.0198410677985901	0.54965404061661	769
-0.0175902174126199	0.550484114851072	769
0.0181756356007401	1.02675341514483	769
-0.0229578492434499	0.552861579278889	287
0.0424915514115001	1.2976125363267	36
0.0740125284667299	1.71985428276135	23
0.0598070302874401	1.53111478471712	36
-0.10263086194744	1.22494757686701	260
0.02455569779431	1.0258187286238	574
-0.01406510425906	0.548397333153719	2854
-0.01406510425906	0.548397333153719	2854
0.0168631287751999	0.757214073923297	34
-0.0233658235888801	0.551742344860982	1074
-0.0916934714987301	1.19487162410724	12
-0.0175902174126199	0.550484114851072	2357
0.0165448668291399	0.759410563089855	51
0.01778704217386	0.758349119765208	51
-0.0175902174126199	0.550484114851072	2
-0.0190735236970101	0.549621946077532	54
-0.0237047183471799	0.553131982412369	1029
0.01747004335381	0.756663056048577	287
0.0321857641482	1.01406258130427	36
-0.0171990042076899	0.549264213163276	44
-0.01833170548507	0.550474500519343	44
-0.01684905918208	0.549966932484854	44
0.02021444911343	1.02979291111824	34
0.0298086414302301	1.01807488376152	34
0.0416575008897999	1.2943159457213	34
-0.0226179329145799	0.552416088281882	34
-0.01833170548507	0.550474500519343	1913
0.01747004335381	0.756663056048577	112
0.0203161481024601	0.754741636107711	2
-0.01793915586182	0.550681864442582	371
0.02753161730776	1.01622500516612	371
-0.02187037799917	0.552145600192979	371
-0.0194204462082701	0.551189226731038	44
-0.01406510425906	0.548397333153719	44
-0.0226179329145799	0.552416088281882	129
-0.0171990042076899	0.549264213163276	675
0.0243323878386299	1.02314298573561	507
0.01592333896194	0.759438031046279	507
0.0165448668291399	0.759410563089855	51
-0.11517615206995	1.23485803673604	54
-0.01867963642989	0.551199515777305	49
-0.11558856128569	1.23297280764308	371
-0.01867963642989	0.551199515777305	44
-0.0237047183471799	0.553131982412369	44
-0.01867963642989	0.551199515777305	44
-0.02725743812157	0.552658014762978	44
-0.10146523080419	1.89958983227279	34
-0.01684905918208	0.549966932484854	2870
-0.10097843326159	1.89587204003538	36
-0.01406510425906	0.548397333153719	36
-0.0175902174126199	0.550484114851072	36
-0.0222113149496199	0.551599382638492	209
0.0165448668291399	0.759410563089855	44
0.0262632777646901	1.02213753280875	34
0.01638885943461	2.07765931375085	34
-0.01684905918208	0.549966932484854	906
0.01561951040345	0.758273432029444	1074
0.01072792411642	0.760860178991134	129
0.02903517183933	1.02204949492412	1621
0.0119175278396799	0.763411251497296	769
-0.0171990042076899	0.549264213163276	1029
0.0134581848063	0.760090988436568	287
-0.0175902174126199	0.550484114851072	49
-0.01793915586182	0.550681864442582	1432
-0.03295774988666	1.72364392356666	36
-0.0175902174126199	0.550484114851072	36
-0.01867963642989	0.551199515777305	44
-0.10592906114768	1.2279102410131	34
-0.0538784496034901	1.48475171826717	34
-0.0544574039196699	1.49224645711565	34
-0.02801043708842	0.553669292297474	34
-0.0175908297052101	0.54879582421027	934
0.02658181513517	1.02082609383453	1283
0.0300509157420601	1.01999767164241	129
0.01592333896194	0.759438031046279	507
0.0206526612642	1.02885544987071	507
-0.0175908297052101	0.54879582421027	302
-0.0237047183471799	0.553131982412369	393
-0.01684905918208	0.549966932484854	36
0.0165448668291399	0.759410563089855	44
0.01778704217386	0.758349119765208	34
0.02124601983105	0.754324576611081	1283
0.08622359041412	1.88565716710216	129
-0.01867963642989	0.551199515777305	129
-0.01684905918208	0.549966932484854	507
-0.0194204462082701	0.551189226731038	507
0.0341146906365399	1.01378875669284	507
-0.0175902174126199	0.550484114851072	2
-0.0148090882885701	0.548389809404095	302
0.0063555731143099	0.763740367668568	769
0.0122216908150199	0.760819889603963	769
-0.0237047183471799	0.553131982412369	49
-0.01833170548507	0.550474500519343	49
0.00819560269860009	0.762135663950305	36
-0.02187037799917	0.552145600192979	466
-0.01867963642989	0.551199515777305	44
0.04013268749346	1.30156222765423	44
-0.0226179329145799	0.552416088281882	44
0.06166331617975	1.52996566080596	34
-0.0175902174126199	0.550484114851072	34
-0.0175908297052101	0.54879582421027	1156
0.03123197899803	1.01347579477118	507
0.0287895434765	1.01824056659765	769
-0.0194204462082701	0.551189226731038	49
-0.0266876104437801	1.71541453479599	36
0.0044522921107899	1.89847532146744	44
0.0196446257157299	1.02649872333195	34
-0.0330973152037799	0.553408349636547	1074
0.0264493882554799	1.01683956847418	507
-0.0233658235888801	0.551742344860982	2
-0.01867963642989	0.551199515777305	302
0.0165448668291399	0.759410563089855	769
0.06633298050322	1.51339699139578	36
-0.0194204462082701	0.551189226731038	36
-0.0175902174126199	0.550484114851072	44
-0.01793915586182	0.550681864442582	2585
-0.0229578492434499	0.552861579278889	44
-0.0261719333284201	0.551946229427137	44
-0.0247602355721901	1.7054124673475	34
-0.01406510425906	0.548397333153719	34
0.01748449744128	0.756105395003867	12
0.0649257346371299	1.73868881428044	129
0.01809055511489	0.756301931943798	1820
0.00757966586990011	0.762502085868347	507
-0.0175902174126199	0.550484114851072	302
0.0110345544285599	0.760564294836467	769
-0.01793915586182	0.550681864442582	49
-0.0190735236970101	0.549621946077532	49
-0.01793915586182	0.550681864442582	439
0.02171912981151	2.0653913323361	23
-0.0557671980474299	2.05069752047737	36
-0.0211231585375999	0.550885444723327	44
-0.01867963642989	0.551199515777305	3588
-0.10533822696976	1.90386844302618	34
-0.01793915586182	0.550681864442582	34
-0.01867963642989	0.551199515777305	1156
-0.05770724764619	1.49296789732873	12
0.0244011397567701	0.749503353705568	129
-0.01833170548507	0.550474500519343	129
-0.01867963642989	0.551199515777305	51
0.02747041865544	1.01742344098921	507
-0.0194204462082701	0.551189226731038	49
-0.02725743812157	0.552658014762978	36
-0.10396026957807	1.22097639020565	36
-0.01833170548507	0.550474500519343	36
-0.0229913488546301	1.71270305597595	44
-0.0194204462082701	0.551189226731038	3588
-0.01867963642989	0.551199515777305	44
0.0149972602149799	0.758302386104218	34
-0.10054882663815	1.21732458544998	34
0.0063555731143099	0.763740367668568	2
0.01809055511489	0.756301931943798	2
-0.01406510425906	0.548397333153719	2
-0.0175902174126199	0.550484114851072	769
0.0141004386016601	2.07992369181992	36
-0.10637489668719	1.90909632645643	36
-0.02187037799917	0.552145600192979	44
-0.01793915586182	0.550681864442582	1074
-0.0148090882885701	0.548389809404095	1074
0.01624146650967	0.757911091286895	12
-0.0211231585375999	0.550885444723327	675
-0.0194204462082701	0.551189226731038	2
-0.0161082304962099	0.548551675553127	2
-0.0201615854936801	0.55033415003984	1029
0.00665901307583994	0.765261578783683	49
0.0143747157024601	0.757924517569841	49
-0.0321552046087501	1.72522925024956	36
-0.0323377680085399	0.553061660492431	36
0.02903517183933	1.02204949492412	2585
0.0162983452085099	0.758703814770182	44
-0.0175902174126199	0.550484114851072	44
0.02217945530813	1.02688778579296	771
-0.0237047183471799	0.553131982412369	34
-0.0226179329145799	0.552416088281882	34
-0.0233658235888801	0.551742344860982	1157
-0.02187037799917	0.552145600192979	1074
-0.11026941318888	1.23233302189592	129
0.0210918052581399	1.02451902025172	129
0.03309935646667	1.01532401109268	129
-0.01834057120307	0.550050642444883	2
-0.024451922565	0.552456091331436	49
0.0620223677570999	1.52389613562768	36
-0.1010423828626	1.21859186024894	36
-0.0261719333284201	0.551946229427137	36
-0.01867963642989	0.551199515777305	44
0.0725631325315299	1.50199082787466	34
-0.0194204462082701	0.551189226731038	934
-0.01406510425906	0.548397333153719	934
-0.0175902174126199	0.550484114851072	236
0.0171661011528299	0.75904802450482	2
0.0355348000666	1.0093465373946	2
-0.01684905918208	0.549966932484854	603
-0.0175902174126199	0.550484114851072	769
-0.0226179329145799	0.552416088281882	1169
0.0765922365505101	1.716112993047	23
-0.0226179329145799	0.552416088281882	36
-0.0222113149496199	0.551599382638492	466
-0.05893626387889	1.47964221124458	44
0.0125363585454501	0.762850768189531	2585
-0.0171990042076899	0.549264213163276	654
-0.05897312819983	1.49501737166764	34
-0.01833170548507	0.550474500519343	1074
-0.02187037799917	0.552145600192979	1074
-0.01793915586182	0.550681864442582	1074
-0.0198410677985901	0.54965404061661	1074
-0.0194204462082701	0.551189226731038	1074
-0.0175902174126199	0.550484114851072	129
-0.0211231585375999	0.550885444723327	1621
0.01315489757833	0.761843472172444	603
-0.0229578492434499	0.552861579278889	1169
-0.0194204462082701	0.551189226731038	3554
-0.01867963642989	0.551199515777305	36
0.0119175278396799	0.763411251497296	36
-0.0211231585375999	0.550885444723327	36
0.04664516489465	1.290836852643	44
0.0279806519479	1.01716417707732	2585
-0.01406510425906	0.548397333153719	639
-0.02876377688911	0.553275796031429	34
-0.00995671091827011	1.67953394719983	34
-0.0237047183471799	0.553131982412369	507
-0.02187037799917	0.552145600192979	507
-0.0226179329145799	0.552416088281882	2
0.0063555731143099	0.763740367668568	2
-0.0222113149496199	0.551599382638492	2
-0.0194204462082701	0.551189226731038	2
0.01561951040345	0.758273432029444	2118
-0.0175902174126199	0.550484114851072	769
0.0850502423444399	1.69621184553389	36
-0.01684905918208	0.549966932484854	36
0.02565217044963	1.02488978075624	466
0.01747004335381	0.756663056048577	44
-0.0261719333284201	0.551946229427137	44
-0.02187037799917	0.552145600192979	34
-0.0237047183471799	0.553131982412369	771
0.0184076901328201	0.75723648157268	34
-0.0290202776006701	1.72048033203203	34
0.0162983452085099	0.758703814770182	1074
-0.0175902174126199	0.550484114851072	1074
-0.0072737697640699	1.67102054227627	129
-0.0175908297052101	0.54879582421027	51
-0.01867963642989	0.551199515777305	769
-0.01867963642989	0.551199515777305	324
0.00604204889011006	0.765135241638034	36
0.00757966586990011	0.762502085868347	152
-0.01793915586182	0.550681864442582	36
-0.0977395952190401	1.2156094664062	36
0.01129840522229	0.763582575492988	2585
-0.01684905918208	0.549966932484854	425
-0.0201615854936801	0.55033415003984	34
0.01599197035305	0.758811048932772	34
-0.01793915586182	0.550681864442582	2031
0.01284008349584	0.760648448535067	910
-0.02767965965745	0.552564085173501	129
-0.0226179329145799	0.552416088281882	129
-0.01684905918208	0.549966932484854	4205
-0.01793915586182	0.550681864442582	2
-0.02801043708842	0.553669292297474	2
-0.0222113149496199	0.551599382638492	49
-0.01867963642989	0.551199515777305	646
0.08956462317031	2.06427634061411	199
-0.02187037799917	0.552145600192979	36
0.0125363585454501	0.762850768189531	44
-0.02187037799917	0.552145600192979	425
-0.0186059405053201	1.69813126351911	34
0.02280435656283	1.0244268012757	899
-0.0119590187360099	1.68662685598106	34
0.0171661011528299	0.75904802450482	1074
-0.0237047183471799	0.553131982412369	264
-0.01867963642989	0.551199515777305	2
0.02353977425376	1.02578381594001	36
-0.0175902174126199	0.550484114851072	36
-0.01793915586182	0.550681864442582	36
-0.0647795728515499	2.07689920123963	44
0.01164779509617	0.760199741312899	44
0.0125363585454501	0.762850768189531	188
-0.01834057120307	0.550050642444883	1074
0.0242285957358399	1.02643660961203	12
-0.01684905918208	0.549966932484854	2682
0.0165448668291399	0.759410563089855	51
0.0215521815141499	0.754354654287299	769
-0.0175902174126199	0.550484114851072	646
-0.10316481970594	1.22034630564717	36
0.01537580367915	0.759367033073816	36
0.0617429876089399	1.52486215642823	44
0.05059911610399	1.28514950220121	2585
-0.0190906504648001	0.550321617620206	639
-0.10785973143617	1.22931032174041	425
-0.1040361193339	1.9008793765622	34
0.01537580367915	0.759367033073816	34
-0.01833170548507	0.550474500519343	2031
-0.0171990042076899	0.549264213163276	769
-0.0222113149496199	0.551599382638492	36
-0.0194204462082701	0.551189226731038	44
-0.0190735236970101	0.549621946077532	425
-0.10119623943359	1.22034176586668	1157
0.04493014781966	1.29326860596272	12
-0.0226179329145799	0.552416088281882	236
-0.0194204462082701	0.551189226731038	236
0.0149972602149799	0.758302386104218	507
0.01809055511489	0.756301931943798	51
-0.10592906114768	1.2279102410131	51
-0.0175902174126199	0.550484114851072	629
-0.0226179329145799	0.552416088281882	629
-0.0194204462082701	0.551189226731038	2
-0.02725743812157	0.552658014762978	2
0.0119175278396799	0.763411251497296	769
0.0665252662524001	1.5174959776891	44
-0.0261719333284201	0.551946229427137	639
0.0261605415731001	1.02407684478155	34
0.02707268742751	1.02127154106247	34
-0.0148090882885701	0.548389809404095	2031
0.0122607480333199	0.759343175819905	188
0.03167742652598	1.01432019259359	12
-0.0572219961974101	1.4963282825965	129
-0.01793915586182	0.550681864442582	51
-0.02187037799917	0.552145600192979	51
-0.01867963642989	0.551199515777305	629
0.0171661011528299	0.75904802450482	2
0.0125363585454501	0.762850768189531	2
-0.01833170548507	0.550474500519343	2
-0.01406510425906	0.548397333153719	603
-0.0190906504648001	0.550321617620206	222
-0.01867963642989	0.551199515777305	36
-0.01867963642989	0.551199515777305	44
0.0236168160365999	1.02401575236479	34
-0.09894167274787	1.89677674534887	34
0.0354180327527101	1.30692207466885	34
0.0769819159004499	1.71819996726594	34
-0.0194204462082701	0.551189226731038	1074
-0.01833170548507	0.550474500519343	629
0.0340132506823101	1.01221277909953	2
-0.01867963642989	0.551199515777305	769
-0.0194204462082701	0.551189226731038	769
-0.01833170548507	0.550474500519343	3990
-0.0229578492434499	0.552861579278889	646
0.0116143427219699	0.761700246788856	36
0.06324902072816	1.52091319110587	36
0.03512927990974	1.01055691435094	36
-0.0161082304962099	0.548551675553127	36
-0.0171990042076899	0.549264213163276	44
-0.0171990042076899	0.549264213163276	639
0.02382323145975	1.02395408994369	34
-0.0665288848839101	1.50231135255667	12
-0.0175902174126199	0.550484114851072	603
-0.0171990042076899	0.549264213163276	769
-0.01684905918208	0.549966932484854	646
0.01315489757833	0.761843472172444	23
0.01284008349584	0.760648448535067	36
-0.0226179329145799	0.552416088281882	44
-0.0133214523362899	0.547881190959341	44
-0.0237047183471799	0.553131982412369	639
-0.01793915586182	0.550681864442582	236
-0.10263086194744	1.22494757686701	484
-0.01833170548507	0.550474500519343	2
-0.0175902174126199	0.550484114851072	603
0.06224292607246	1.52728475969609	36
-0.0237047183471799	0.553131982412369	36
0.0391004397346999	1.30407970741235	36
-0.01406510425906	0.548397333153719	36
0.01407599498447	0.759090320592301	44
-0.01684905918208	0.549966932484854	44
-0.11080490215389	1.23236856126249	44
-0.0175902174126199	0.550484114851072	579
0.0261605415731001	1.02407684478155	34
-0.01833170548507	0.550474500519343	127
-0.01684905918208	0.549966932484854	4756
0.01561951040345	0.758273432029444	2
-0.01833170548507	0.550474500519343	2
-0.01833170548507	0.550474500519343	2
-0.01833170548507	0.550474500519343	4082
0.0656007932985301	1.51352674148422	36
-0.0133214523362899	0.547881190959341	36
-0.0226179329145799	0.552416088281882	36
-0.0194204462082701	0.551189226731038	137
-0.01684905918208	0.549966932484854	44
-0.0133214523362899	0.547881190959341	44
0.0122216908150199	0.760819889603963	44
-0.0171990042076899	0.549264213163276	44
-0.01684905918208	0.549966932484854	188
0.04348018787107	1.29697472334135	129
-0.0566255833726199	1.49180403919067	236
-0.0171990042076899	0.549264213163276	127
-0.0161082304962099	0.548551675553127	2682
-0.0201615854936801	0.55033415003984	177
0.02505408571211	1.02091714719233	629
-0.01833170548507	0.550474500519343	2
-0.0175902174126199	0.550484114851072	2
-0.0226179329145799	0.552416088281882	769
-0.01793915586182	0.550681864442582	769
-0.01684905918208	0.549966932484854	222
-0.0175902174126199	0.550484114851072	222
-0.0233658235888801	0.551742344860982	222
-0.0222113149496199	0.551599382638492	222
-0.0148090882885701	0.548389809404095	222
0.0301512923310501	1.01269983152733	36
0.0113416165699001	0.760002527897141	36
0.01778704217386	0.758349119765208	36
-0.0175908297052101	0.54879582421027	137
-0.0323377680085399	0.553061660492431	44
-0.0237047183471799	0.553131982412369	44
0.0169137793345999	0.758148594472621	34
-0.0178900085576299	1.69205121257502	34
0.01129840522229	0.763582575492988	177
-0.01867963642989	0.551199515777305	2
-0.01867963642989	0.551199515777305	348
-0.0201615854936801	0.55033415003984	1029
-0.02187037799917	0.552145600192979	646
-0.0194204462082701	0.551189226731038	44
0.03396184958455	1.30730380068057	44
0.0482244671410801	1.28494063499263	44
0.03259140975132	1.01558119518689	44
-0.0538784496034901	1.48475171826717	34
-0.0175902174126199	0.550484114851072	2857
-0.0954712062776899	1.2058185613859	236
-0.0229578492434499	0.552861579278889	127
-0.0233658235888801	0.551742344860982	1730
-0.0201615854936801	0.55033415003984	348
-0.0226179329145799	0.552416088281882	287
-0.0194204462082701	0.551189226731038	324
0.0171661011528299	0.75904802450482	199
-0.0229578492434499	0.552861579278889	34
-0.0226179329145799	0.552416088281882	129
-0.0175902174126199	0.550484114851072	769
-0.01867963642989	0.551199515777305	769
-0.0229578492434499	0.552861579278889	222
-0.0148090882885701	0.548389809404095	324
-0.0194204462082701	0.551189226731038	324
-0.01793915586182	0.550681864442582	36
0.0233138877407	1.02438215085903	44
-0.0175902174126199	0.550484114851072	44
-0.10054882663815	1.21732458544998	44
-0.0226179329145799	0.552416088281882	579
-0.024451922565	0.552456091331436	4
-0.01867963642989	0.551199515777305	425
0.0158179783068699	1.02871506191004	129
-0.01867963642989	0.551199515777305	2376
-0.01867963642989	0.551199515777305	2
-0.0161082304962099	0.548551675553127	769
-0.0229578492434499	0.552861579278889	287
-0.0194204462082701	0.551189226731038	2597
-0.01867963642989	0.551199515777305	36
-0.01793915586182	0.550681864442582	36
0.0444223466192399	1.29392538806372	44
0.0581570649279499	1.53529399777063	44
0.0285270272181699	1.02247697237609	44
0.0134581848063	0.760090988436568	34
-0.0148090882885701	0.548389809404095	188
-0.0229578492434499	0.552861579278889	5396
-0.01833170548507	0.550474500519343	769
-0.01257813221999	0.546472227688933	769
-0.0233658235888801	0.551742344860982	324
0.0500718041522299	1.28615812333897	36
-0.0161082304962099	0.548551675553127	36
-0.0190906504648001	0.550321617620206	44
-0.0229578492434499	0.552861579278889	129
0.02991361816884	1.01764457331484	177
0.0103749316466599	0.762431636633961	484
-0.01793915586182	0.550681864442582	3151
-0.0175902174126199	0.550484114851072	603
-0.0175902174126199	0.550484114851072	324
-0.0175902174126199	0.550484114851072	324
-0.10213866234281	1.22427119358498	36
-0.01867963642989	0.551199515777305	36
-0.0261719333284201	0.551946229427137	44
-0.01867963642989	0.551199515777305	1258
-0.01793915586182	0.550681864442582	425
0.0515187563486601	1.28375885447008	425
-0.03125494976954	0.552353758489541	188
0.01315489757833	0.761843472172444	129
-0.01834057120307	0.550050642444883	236
0.01512102378767	0.754962190486718	177
-0.0222113149496199	0.551599382638492	484
-0.01867963642989	0.551199515777305	5396
-0.02187037799917	0.552145600192979	5396
-0.0233658235888801	0.551742344860982	5396
-0.0226179329145799	0.552416088281882	3151
-0.01684905918208	0.549966932484854	324
-0.0261719333284201	0.551946229427137	36
0.0125363585454501	0.762850768189531	199
-0.01834057120307	0.550050642444883	36
-0.0622273361280901	1.50302458378815	44
0.01129840522229	0.763582575492988	44
0.0119175278396799	0.763411251497296	1772
-0.0226179329145799	0.552416088281882	945
0.0171661011528299	0.75904802450482	469
-0.0233658235888801	0.551742344860982	2
-0.0194204462082701	0.551189226731038	324
-0.0175902174126199	0.550484114851072	36
-0.01793915586182	0.550681864442582	36
-0.0148090882885701	0.548389809404095	1772
0.0109947834108299	0.762259539823454	12
-0.01867963642989	0.551199515777305	177
-0.10297134909731	1.2212501524651	177
-0.0211231585375999	0.550885444723327	1730
-0.01684905918208	0.549966932484854	484
-0.0171990042076899	0.549264213163276	287
-0.09195696592847	1.87737224314301	36
-0.0261719333284201	0.551946229427137	199
0.0116143427219699	0.761700246788856	319
-0.0161082304962099	0.548551675553127	44
0.0236348846402299	1.02112076155987	44
-0.0175902174126199	0.550484114851072	1703
-0.01867963642989	0.551199515777305	44
0.0415692625851101	1.29863437184814	129
-0.01867963642989	0.551199515777305	177
-0.0194204462082701	0.551189226731038	177
0.0103749316466599	0.762431636633961	769
-0.0190735236970101	0.549621946077532	222
-0.0222113149496199	0.551599382638492	36
-0.01793915586182	0.550681864442582	5252
0.04578594542952	1.29535446852714	44
0.01129840522229	0.763582575492988	44
-0.02187037799917	0.552145600192979	44
0.01129840522229	0.763582575492988	44
0.0577998400166	1.53122532476344	34
-0.0226179329145799	0.552416088281882	901
0.0284906974608501	1.01657017770885	188
-0.1050527427803	1.22435432191829	12
0.0112917794020699	1.03343033673997	129
0.02093431032988	0.754713979888223	129
0.01160300652547	0.7605521945031	1538
-0.0171990042076899	0.549264213163276	892
-0.02187037799917	0.552145600192979	769
-0.01793915586182	0.550681864442582	769
-0.01793915586182	0.550681864442582	222
-0.0175902174126199	0.550484114851072	23
-0.0175902174126199	0.550484114851072	36
-0.0201386220037501	1.70385722607679	36
-0.02725743812157	0.552658014762978	546
-0.0175902174126199	0.550484114851072	546
-0.0155534047254999	0.547544421448577	36
-0.01867963642989	0.551199515777305	319
-0.02187037799917	0.552145600192979	44
-0.0133214523362899	0.547881190959341	44
-0.0171990042076899	0.549264213163276	44
-0.0198410677985901	0.54965404061661	945
-0.01793915586182	0.550681864442582	945
0.01809055511489	0.756301931943798	1538
-0.0226179329145799	0.552416088281882	236
0.02093431032988	0.754713979888223	469
-0.02725743812157	0.552658014762978	603
-0.02876377688911	0.553275796031429	2
0.0119175278396799	0.763411251497296	36
-0.0175908297052101	0.54879582421027	546
-0.02725743812157	0.552658014762978	44
-0.10543564029091	1.22723185964552	44
-0.01833170548507	0.550474500519343	1703
-0.0171990042076899	0.549264213163276	3775
0.01720587383702	1.0305400611968	484
-0.0190906504648001	0.550321617620206	603
-0.0194204462082701	0.551189226731038	199
-0.0190735236970101	0.549621946077532	319
-0.01833170548507	0.550474500519343	2529
0.0063555731143099	0.763740367668568	44
-0.0171990042076899	0.549264213163276	44
-0.01793915586182	0.550681864442582	44
0.0149972602149799	0.758302386104218	4
-0.05523316788422	1.48574576814984	425
-0.0269256257472901	0.552956033505307	34
-0.11517615206995	1.23485803673604	34
-0.0226179329145799	0.552416088281882	177
0.01129840522229	0.763582575492988	177
-0.01793915586182	0.550681864442582	983
-0.0175902174126199	0.550484114851072	5262
-0.01833170548507	0.550474500519343	2
-0.01684905918208	0.549966932484854	287
0.01315489757833	0.761843472172444	2757
-0.0237047183471799	0.553131982412369	2253
-0.01867963642989	0.551199515777305	2253
0.0434132685673001	1.29487367262701	44
-0.01867963642989	0.551199515777305	1882
0.00573816335918997	0.764108055072956	425
0.04098270850069	1.29834353358728	34
0.0392109459847401	1.30304086604622	34
-0.0175902174126199	0.550484114851072	945
0.0295431346428601	1.02123807492291	129
-0.0194204462082701	0.551189226731038	1127
-0.0229578492434499	0.552861579278889	484
-0.0148090882885701	0.548389809404095	1389
-0.01834057120307	0.550050642444883	546
-0.01834057120307	0.550050642444883	546
0.01315489757833	0.761843472172444	36
-0.1136821775661	1.22916795035247	2253
0.03680060499223	1.30461398469245	1594
-0.0229578492434499	0.552861579278889	44
-0.10637803097768	1.22858701604816	34
-0.0226179329145799	0.552416088281882	803
0.0391763190482901	1.30253130177177	236
0.01407599498447	0.759090320592301	177
-0.01684905918208	0.549966932484854	484
-0.0233658235888801	0.551742344860982	2
-0.0171990042076899	0.549264213163276	2
-0.0222113149496199	0.551599382638492	2
-0.0175902174126199	0.550484114851072	3317
-0.01684905918208	0.549966932484854	769
-0.01867963642989	0.551199515777305	199
-0.01793915586182	0.550681864442582	545
0.06750326572675	1.73426395320758	44
-0.0190906504648001	0.550321617620206	44
-0.0229578492434499	0.552861579278889	34
-0.01867963642989	0.551199515777305	803
0.0162983452085099	0.758703814770182	1471
0.0125363585454501	0.762850768189531	129
-0.1141904911901	1.23506457912829	177
-0.0226179329145799	0.552416088281882	324
-0.02187037799917	0.552145600192979	44
0.0472362201849801	1.2935192893122	425
0.0169137793345999	0.758148594472621	1538
-0.0229578492434499	0.552861579278889	5325
-0.0194204462082701	0.551189226731038	177
-0.0194204462082701	0.551189226731038	177
-0.0175902174126199	0.550484114851072	2387
-0.0229578492434499	0.552861579278889	2
-0.0229578492434499	0.552861579278889	2
-0.0175902174126199	0.550484114851072	324
0.07264962552142	1.72101313467591	36
0.0572230505432601	1.53337260344159	36
-0.02876377688911	0.553275796031429	319
-0.01867963642989	0.551199515777305	319
-0.01406510425906	0.548397333153719	1533
-0.01684905918208	0.549966932484854	44
-0.0175902174126199	0.550484114851072	4
-0.01833170548507	0.550474500519343	3549
0.01752892429819	0.757151099994971	4
0.0454598611649499	1.28880322481991	34
-0.0175902174126199	0.550484114851072	536
-0.024451922565	0.552456091331436	1471
0.04348018787107	1.29697472334135	177
-0.0175902174126199	0.550484114851072	2
-0.0269256257472901	0.552956033505307	2
-0.0190906504648001	0.550321617620206	234
-0.01834057120307	0.550050642444883	36
-0.02187037799917	0.552145600192979	44
-0.0175902174126199	0.550484114851072	44
-0.0229578492434499	0.552861579278889	44
-0.01867963642989	0.551199515777305	3227
-0.0161082304962099	0.548551675553127	3804
0.0710550929943401	1.72729879771376	3804
-0.0226179329145799	0.552416088281882	425
0.0242285957358399	1.02643660961203	2
-0.01793915586182	0.550681864442582	2
-0.01793915586182	0.550681864442582	234
0.0534626549719099	1.53811457942122	36
-0.02725743812157	0.552658014762978	3227
-0.10010118722248	1.21356808369212	425
0.0463175960692901	1.28857083009543	252
-0.0211231585375999	0.550885444723327	34
-0.01793915586182	0.550681864442582	536
-0.0175902174126199	0.550484114851072	34
-0.01257813221999	0.546472227688933	3726
-0.0237047183471799	0.553131982412369	2
-0.0175902174126199	0.550484114851072	2
-0.0222113149496199	0.551599382638492	1570
-0.0175902174126199	0.550484114851072	36
0.01129840522229	0.763582575492988	44
-0.0175902174126199	0.550484114851072	44
-0.0175902174126199	0.550484114851072	44
-0.0175902174126199	0.550484114851072	4
0.0678465961922201	1.72313200305068	3804
-0.01684905918208	0.549966932484854	4657
-0.01793915586182	0.550681864442582	484
-0.0194204462082701	0.551189226731038	927
-0.01833170548507	0.550474500519343	36
-0.11269388829788	1.23102729798033	2253
-0.0201615854936801	0.55033415003984	385
-0.0194204462082701	0.551189226731038	44
-0.0229578492434499	0.552861579278889	1746
0.0481646612186799	1.28469754430954	1154
-0.10108820242438	1.21487337713279	34
-0.0175902174126199	0.550484114851072	536
-0.0133214523362899	0.547881190959341	2199
-0.0233658235888801	0.551742344860982	177
-0.01793915586182	0.550681864442582	177
-0.0237047183471799	0.553131982412369	469
-0.0229578492434499	0.552861579278889	484
0.01561951040345	0.758273432029444	769
-0.01257813221999	0.546472227688933	927
-0.02725743812157	0.552658014762978	234
-0.01406510425906	0.548397333153719	44
-0.0201615854936801	0.55033415003984	44
-0.0226179329145799	0.552416088281882	803
0.0165448668291399	0.759410563089855	1471
-0.01660428047823	1.69696594034489	188
0.0184076901328201	0.75723648157268	188
0.0336071167225001	1.01473130594953	177
0.01592333896194	0.759438031046279	2
-0.01833170548507	0.550474500519343	927
-0.01867963642989	0.551199515777305	1277
-0.01793915586182	0.550681864442582	234
-0.10697894799067	1.22634918401144	199
0.0169137793345999	0.758148594472621	182
-0.0211231585375999	0.550885444723327	735
-0.0591202281110399	2.06559389825866	2253
0.03396184958455	1.30730380068057	44
-0.11946027081906	1.23417173490669	236
0.0119175278396799	0.763411251497296	177
-0.01867963642989	0.551199515777305	469
0.00354150360094008	0.762464082059043	484
-0.0226179329145799	0.552416088281882	484
-0.0194204462082701	0.551189226731038	2
0.0215521815141499	0.754354654287299	2
-0.01867963642989	0.551199515777305	1570
-0.0211231585375999	0.550885444723327	927
0.0320832764586001	1.01548787976187	199
0.0467762546099599	1.29382340504176	1594
0.0116143427219699	0.761700246788856	2309
0.0243323878386299	1.02314298573561	1471
0.0119175278396799	0.763411251497296	129
0.0165448668291399	0.759410563089855	177
-0.0269256257472901	0.552956033505307	484
-0.0226179329145799	0.552416088281882	1277
-0.0161082304962099	0.548551675553127	199
0.0251436124525	1.02531786052478	44
-0.0237047183471799	0.553131982412369	890
0.0117514949586599	1.87321751461057	552
0.0171661011528299	0.75904802450482	552
0.0149972602149799	0.758302386104218	34
-0.09870701787388	1.89032117931299	34
-0.0226179329145799	0.552416088281882	236
0.01537580367915	0.759367033073816	236
-0.01867963642989	0.551199515777305	2
-0.0261719333284201	0.551946229427137	182
-0.0237047183471799	0.553131982412369	1154
-0.01684905918208	0.549966932484854	4078
-0.0194204462082701	0.551189226731038	188
0.0807233066483799	1.70795223525184	34
0.0106789904542199	0.763311198004635	236
-0.10263086194744	1.22494757686701	177
-0.01833170548507	0.550474500519343	469
-0.01257813221999	0.546472227688933	2
-0.0133214523362899	0.547881190959341	769
-0.0229578492434499	0.552861579278889	769
-0.0175902174126199	0.550484114851072	19
-0.0175908297052101	0.54879582421027	5508
0.0119175278396799	0.763411251497296	4
0.04203047849513	1.29832878233286	252
-0.01684905918208	0.549966932484854	34
0.00757966586990011	0.762502085868347	1471
-0.0229578492434499	0.552861579278889	1471
-0.0229578492434499	0.552861579278889	2404
-0.0194204462082701	0.551189226731038	2
0.0171661011528299	0.75904802450482	2
-0.0171990042076899	0.549264213163276	234
-0.02725743812157	0.552658014762978	234
-0.01833170548507	0.550474500519343	199
-0.0211231585375999	0.550885444723327	2253
0.0153015173100599	0.759056625172602	2253
0.02021444911343	1.02979291111824	44
0.0288944917640499	1.0191869890738	1154
-0.10312323187153	1.22519374103777	425
0.0336071167225001	1.01473130594953	425
-0.01684905918208	0.549966932484854	34
-0.01793915586182	0.550681864442582	4078
0.01747004335381	0.756663056048577	34
0.0206277143186899	0.755017748186865	2369
0.0113416165699001	0.760002527897141	34
-0.10449278425116	1.22215061514527	469
-0.01684905918208	0.549966932484854	469
-0.01793915586182	0.550681864442582	927
-0.01833170548507	0.550474500519343	927
-0.0929364516722899	2.40655805197929	3175
-0.02187037799917	0.552145600192979	1774
-0.0269256257472901	0.552956033505307	36
0.00697269206835993	0.76287814744911	4301
-0.01833170548507	0.550474500519343	536
-0.0175902174126199	0.550484114851072	1471
-0.05975459967135	1.49159393426515	236
-0.01684905918208	0.549966932484854	469
0.01129840522229	0.763582575492988	2
-0.01684905918208	0.549966932484854	5157
0.0103749316466599	0.762431636633961	769
-0.0229578492434499	0.552861579278889	927
0.0216707063216399	1.02799533706952	1475
0.03967188818365	1.30252951141442	1024
0.0207236956449399	1.02914632111417	44
-0.01684905918208	0.549966932484854	44
-0.0237047183471799	0.553131982412369	44
-0.10981854405075	1.23193117012239	34
-0.0148090882885701	0.548389809404095	236
0.0119175278396799	0.763411251497296	2
-0.0175902174126199	0.550484114851072	2
-0.02801043708842	0.553669292297474	2
-0.01833170548507	0.550474500519343	2723
0.0632721254794999	1.51729793355281	1475
-0.02801043708842	0.553669292297474	199
-0.0222113149496199	0.551599382638492	44
0.0231004666979899	1.02477328446425	44
0.0278746151668801	1.01935273753289	4
-0.0238737375234801	1.71188992832486	1154
0.0161883895748101	1.03089407129225	425
-0.01785601244803	1.70385216853218	34
0.0294041486810801	1.01859137622764	536
-0.01793915586182	0.550681864442582	34
0.0289651897913901	1.01934512892471	2369
-0.0194204462082701	0.551189226731038	177
0.0168631287751999	0.757214073923297	469
-0.0194204462082701	0.551189226731038	735
0.0353454744131401	1.30654294116774	1594
0.02360865444033	1.02455937999603	44
0.01871077411124	0.755607155160683	44
0.0651244822426	1.51509939177742	44
-0.06361231644494	1.50223323755112	4629
0.01537580367915	0.759367033073816	425
-0.10642265297753	1.22815760993745	1471
0.0288944917640499	1.0191869890738	236
0.01129840522229	0.763582575492988	484
-0.01684905918208	0.549966932484854	484
-0.02801043708842	0.553669292297474	2
-0.01793915586182	0.550681864442582	927
0.0211617750113899	1.02864109830435	44
-0.0194204462082701	0.551189226731038	252
0.0300509157420601	1.01999767164241	252
0.04486194052466	1.29208366207679	34
0.01011394338886	0.761225303770816	188
0.0482271233546801	1.28857841050099	236
-0.01793915586182	0.550681864442582	469
0.00573816335918997	0.764108055072956	2
-0.0194204462082701	0.551189226731038	1477
-0.01833170548507	0.550474500519343	501
-0.0959981565155199	1.8798331280131	199
0.0231004666979899	1.02477328446425	366
0.00665901307583994	0.765261578783683	735
-0.11139638581018	1.23238875476122	1594
-0.0261719333284201	0.551946229427137	44
0.0242285957358399	1.02643660961203	34
-0.01867963642989	0.551199515777305	34
0.0285270272181699	1.02247697237609	1471
-0.01684905918208	0.549966932484854	236
0.01315489757833	0.761843472172444	177
-0.0229578492434499	0.552861579278889	177
-0.01684905918208	0.549966932484854	2
-0.0233658235888801	0.551742344860982	2
-0.0175902174126199	0.550484114851072	14
-0.0133214523362899	0.547881190959341	501
0.0119175278396799	0.763411251497296	182
-0.01793915586182	0.550681864442582	735
-0.0222113149496199	0.551599382638492	735
-0.0606346968415199	2.06851057498514	889
-0.0171990042076899	0.549264213163276	34
0.04730332871855	1.2879363164096	34
-0.0190735236970101	0.549621946077532	177
0.01160300652547	0.7605521945031	2
-0.0175902174126199	0.550484114851072	2
-0.01793915586182	0.550681864442582	14
-0.0194204462082701	0.551189226731038	501
-0.024451922565	0.552456091331436	366
0.0103749316466599	0.762431636633961	366
-0.0675941767430599	1.5059807473062	44
0.02093431032988	0.754713979888223	44
-0.0627712379776799	1.50194971614073	4
-0.02124429567091	1.70732964674926	889
-0.01867963642989	0.551199515777305	34
-0.0190906504648001	0.550321617620206	34
0.01778704217386	0.758349119765208	236
-0.0229578492434499	0.552861579278889	177
-0.01833170548507	0.550474500519343	2
-0.0237047183471799	0.553131982412369	2
-0.01684905918208	0.549966932484854	2
-0.01793915586182	0.550681864442582	2
-0.01867963642989	0.551199515777305	769
-0.01793915586182	0.550681864442582	182
-0.01834057120307	0.550050642444883	334
-0.0229578492434499	0.552861579278889	334
-0.01867963642989	0.551199515777305	44
0.0313358837825299	1.01518563757739	44
-0.0194204462082701	0.551189226731038	1342
0.0415692625851101	1.29863437184814	34
0.02124601983105	0.754324576611081	4459
0.0790108487662	1.91374837752664	34
-0.0133214523362899	0.547881190959341	177
0.0125363585454501	0.762850768189531	177
-0.0175902174126199	0.550484114851072	1828
-0.01684905918208	0.549966932484854	199
-0.0155534047254999	0.547544421448577	366
-0.0229578492434499	0.552861579278889	735
0.01778704217386	0.758349119765208	3589
0.01129840522229	0.763582575492988	1433
-0.01793915586182	0.550681864442582	889
0.03587903310198	1.30666110692026	34
0.00702679084953006	0.76051566164915	478
-0.0211231585375999	0.550885444723327	4459
-0.01793915586182	0.550681864442582	1471
-0.0175902174126199	0.550484114851072	1471
-0.0226179329145799	0.552416088281882	34
-0.01833170548507	0.550474500519343	2
-0.01833170548507	0.550474500519343	769
-0.00352957825816991	0.764483308886129	23
-0.0175902174126199	0.550484114851072	1475
-0.024451922565	0.552456091331436	1024
-0.01833170548507	0.550474500519343	1024
-0.01257813221999	0.546472227688933	1024
-0.0237047183471799	0.553131982412369	735
-0.01684905918208	0.549966932484854	1594
0.01778704217386	0.758349119765208	889
-0.0233658235888801	0.551742344860982	34
-0.0229578492434499	0.552861579278889	177
-0.01833170548507	0.550474500519343	177
-0.0133214523362899	0.547881190959341	1475
-0.0222113149496199	0.551599382638492	366
0.03967188818365	1.30252951141442	1594
0.0171661011528299	0.75904802450482	44
0.0292991861709899	1.01833338602226	889
-0.0211231585375999	0.550885444723327	34
-0.01684905918208	0.549966932484854	1471
-0.0534540161722501	1.49049794090099	34
-0.01406510425906	0.548397333153719	2963
-0.0987248057791399	1.21691768744098	177
-0.0194204462082701	0.551189226731038	177
-0.0229578492434499	0.552861579278889	2
0.01129840522229	0.763582575492988	2
-0.01793915586182	0.550681864442582	769
-0.01867963642989	0.551199515777305	366
-0.0133214523362899	0.547881190959341	735
0.00292769744481003	0.763131319483396	44
-0.01834057120307	0.550050642444883	44
-0.01793915586182	0.550681864442582	44
-0.0161082304962099	0.548551675553127	44
0.0425583055154399	1.29799615369369	34
-0.0229578492434499	0.552861579278889	1471
-0.01834057120307	0.550050642444883	34
-0.0237047183471799	0.553131982412369	236
0.00609874801202004	0.761178747505697	2
-0.0175902174126199	0.550484114851072	860
-0.0175902174126199	0.550484114851072	769
0.01624146650967	0.757911091286895	501
-0.0171990042076899	0.549264213163276	927
0.0184076901328201	0.75723648157268	1828
-0.0229578492434499	0.552861579278889	366
-0.01793915586182	0.550681864442582	366
-0.0237047183471799	0.553131982412369	735
-0.06040704706532	2.06442537413309	34
0.04301931813585	1.29769079713268	34
0.02991361816884	1.01764457331484	177
0.01129840522229	0.763582575492988	860
-0.0237047183471799	0.553131982412369	769
0.0063555731143099	0.763740367668568	44
-0.0237047183471799	0.553131982412369	889
0.0354180327527101	1.30692207466885	34
-0.01793915586182	0.550681864442582	188
-0.0237047183471799	0.553131982412369	188
-0.0175902174126199	0.550484114851072	188
-0.01793915586182	0.550681864442582	188
0.0453256328770799	1.29523542690259	34
-0.0229578492434499	0.552861579278889	177
-0.0237047183471799	0.553131982412369	2
-0.01867963642989	0.551199515777305	234
-0.10932562119465	1.23097820784758	1024
-0.0229578492434499	0.552861579278889	3034
0.01475934706613	0.759537398828412	735
-0.02187037799917	0.552145600192979	735
-0.03314940736253	2.22684836438966	44
-0.0229578492434499	0.552861579278889	44
-0.0211231585375999	0.550885444723327	1433
-0.0211231585375999	0.550885444723327	4
-0.01406510425906	0.548397333153719	478
-0.01867963642989	0.551199515777305	34
-0.01257813221999	0.546472227688933	177
0.0137731451768	0.759912067951593	2
-0.0190906504648001	0.550321617620206	234
0.00932214450598989	1.03136499288318	1217
-0.0175902174126199	0.550484114851072	44
-0.0229578492434499	0.552861579278889	44
-0.01684905918208	0.549966932484854	44
0.02565217044963	1.02488978075624	4
0.0171661011528299	0.75904802450482	478
-0.0190906504648001	0.550321617620206	478
0.0119175278396799	0.763411251497296	1265
-0.01793915586182	0.550681864442582	188
0.0063555731143099	0.763740367668568	34
0.0211617750113899	1.02864109830435	2
0.01624146650967	0.757911091286895	2
0.0165448668291399	0.759410563089855	927
-0.01833170548507	0.550474500519343	234
-0.0194204462082701	0.551189226731038	3274
-0.02187037799917	0.552145600192979	44
-0.01684905918208	0.549966932484854	4
0.05328770964574	1.5379799385116	34
-0.0155534047254999	0.547544421448577	1334
-0.0229578492434499	0.552861579278889	236
0.00261926804877	0.765211121392914	2
-0.01833170548507	0.550474500519343	1731
-0.0171990042076899	0.549264213163276	234
-0.01684905918208	0.549966932484854	366
-0.0194204462082701	0.551189226731038	366
-0.0237047183471799	0.553131982412369	44
-0.01867963642989	0.551199515777305	44
0.0247375467851501	1.02600797208634	4
0.0280897854790601	1.02079996471465	34
0.01752892429819	0.757151099994971	34
-0.02187037799917	0.552145600192979	478
-0.0229578492434499	0.552861579278889	478
-0.02187037799917	0.552145600192979	1334
-0.0222113149496199	0.551599382638492	927
-0.0229578492434499	0.552861579278889	234
-0.02187037799917	0.552145600192979	366
-0.01867963642989	0.551199515777305	44
-0.0269256257472901	0.552956033505307	44
0.01315489757833	0.761843472172444	4
-0.01793915586182	0.550681864442582	34
0.05892949336135	1.52921362242231	34
0.0193902290263399	0.755405479634455	2
0.0168631287751999	0.757214073923297	2
-0.01793915586182	0.550681864442582	501
-0.024451922565	0.552456091331436	234
-0.02725743812157	0.552658014762978	44
0.0165448668291399	0.759410563089855	44
0.03793380849813	1.00430224338026	44
-0.0194204462082701	0.551189226731038	44
-0.10119623943359	1.22034176586668	34
0.0116143427219699	0.761700246788856	177
-0.0535559674058801	1.48977082192916	1197
0.0146794016321199	0.757797571271917	2
0.0082161111208201	2.09433538508228	1475
-0.0226179329145799	0.552416088281882	44
-0.0211231585375999	0.550885444723327	44
-0.0148090882885701	0.548389809404095	34
-0.0226179329145799	0.552416088281882	34
0.0109947834108299	0.762259539823454	236
-0.0226374288987801	0.549856773054565	236
0.02124601983105	0.754324576611081	484
0.0168631287751999	0.757214073923297	860
-0.0195266131978	1.70624923100394	2100
-0.0668785746349001	1.50562561501756	1475
0.03309935646667	1.01532401109268	44
0.06871362608396	1.73278486601232	44
0.0165448668291399	0.759410563089855	44
-0.0547591963446401	1.48687130355665	44
0.02000911746325	0.755377623377746	188
0.0288944917640499	1.0191869890738	34
-0.0190906504648001	0.550321617620206	1
-0.0175902174126199	0.550484114851072	860
0.0237856323831001	0.749532235889444	1390
-0.0161082304962099	0.548551675553127	735
-0.0190906504648001	0.550321617620206	44
0.0313358837825299	1.01518563757739	34
-0.01684905918208	0.549966932484854	34
0.04342847791724	1.29889671885983	34
-0.01793915586182	0.550681864442582	551
0.01778704217386	0.758349119765208	177
-0.10410957017091	1.2204375033632	177
-0.0175902174126199	0.550484114851072	177
-0.01793915586182	0.550681864442582	2
-0.01867963642989	0.551199515777305	2
-0.0237047183471799	0.553131982412369	234
-0.0229578492434499	0.552861579278889	234
-0.0171990042076899	0.549264213163276	234
-0.01834057120307	0.550050642444883	366
0.0592313659072401	1.24275322348582	199
-0.0933548788513601	1.8802515700906	44
-0.0237047183471799	0.553131982412369	44
-0.01867963642989	0.551199515777305	44
-0.0581235221671601	1.49841966403141	44
0.04545933860112	1.28920368156629	44
-0.0596013155137101	1.49208588689373	44
-0.0644102879616599	1.50252736681837	4
-0.0201615854936801	0.55033415003984	34
0.0103749316466599	0.762431636633961	34
-0.0133214523362899	0.547881190959341	34
-0.0226179329145799	0.552416088281882	34
-0.10410848308442	1.22426867807859	34
0.06274495878856	1.52113559229123	551
-0.0194204462082701	0.551189226731038	236
-0.0194204462082701	0.551189226731038	2383
0.0212327596658199	1.02803723430554	2
-0.01793915586182	0.550681864442582	501
-0.01833170548507	0.550474500519343	14
-0.01833170548507	0.550474500519343	14
0.0116143427219699	0.761700246788856	1536
0.0119175278396799	0.763411251497296	44
0.00139061851764	0.765952564890775	44
-0.0194204462082701	0.551189226731038	177
0.0463816194078901	1.28933109747628	177
0.0109947834108299	0.762259539823454	177
-0.01793915586182	0.550681864442582	177
-0.0229578492434499	0.552861579278889	2383
-0.01833170548507	0.550474500519343	2383
-0.02187037799917	0.552145600192979	2383
-0.0194204462082701	0.551189226731038	2949
-0.01793915586182	0.550681864442582	234
-0.01793915586182	0.550681864442582	366
-0.0269256257472901	0.552956033505307	2736
0.00727568676764001	0.764893675986884	3206
0.05618648264615	1.27067524187737	735
-0.01867963642989	0.551199515777305	44
0.0240478269531601	1.02603206736299	4
-0.11220000069845	1.23105129983302	34
0.01561951040345	0.758273432029444	34
0.0392109459847401	1.30304086604622	177
0.01445030549756	0.757441196639726	177
-0.01833170548507	0.550474500519343	484
0.0119175278396799	0.763411251497296	2
0.02021444911343	1.02979291111824	2539
-0.0237047183471799	0.553131982412369	2
-0.0226179329145799	0.552416088281882	2
-0.01867963642989	0.551199515777305	19
-0.0656228902048801	2.06718350335727	1475
-0.0269256257472901	0.552956033505307	366
-0.0222113149496199	0.551599382638492	1536
0.01537580367915	0.759367033073816	182
0.01011394338886	0.761225303770816	735
0.0221697618930301	0.75366238476359	44
-0.01793915586182	0.550681864442582	44
-0.0222113149496199	0.551599382638492	44
-0.0237047183471799	0.553131982412369	34
-0.01867963642989	0.551199515777305	34
0.01747004335381	0.756663056048577	2539
-0.01684905918208	0.549966932484854	2
-0.01867963642989	0.551199515777305	2949
-0.0133214523362899	0.547881190959341	234
0.0319189158992099	1.01415139521001	1475
0.01592333896194	0.759438031046279	366
0.04663707569628	1.28947852166548	44
0.01747004335381	0.756663056048577	34
-0.01867963642989	0.551199515777305	551
-0.0171990042076899	0.549264213163276	2539
-0.0175902174126199	0.550484114851072	2
-0.0201615854936801	0.55033415003984	2
0.00604204889011006	0.765135241638034	14
-0.01793915586182	0.550681864442582	19
0.0395604350543901	1.30331858583742	199
0.0248413569958701	1.02190389895282	182
0.07785058446462	1.91597382386866	1594
0.03167742652598	1.01432019259359	34
0.0103749316466599	0.762431636633961	34
-0.01793915586182	0.550681864442582	34
0.02093431032988	0.754713979888223	34
-0.11220000069845	1.23105129983302	34
-0.01844149807513	1.69896784145144	236
-0.09827595935669	1.21309938183455	34
-0.0194204462082701	0.551189226731038	2383
0.02838464729894	1.01944578877465	2383
-0.01406510425906	0.548397333153719	19
0.01599197035305	0.758811048932772	44
-0.0171990042076899	0.549264213163276	414
-0.0175902174126199	0.550484114851072	44
-0.01793915586182	0.550681864442582	44
0.03874986082072	1.30309545593951	34
0.0320266098303801	1.30882273830417	34
0.0688869033135799	1.50722059808541	1
-0.11612265291156	1.2362107510831	641
0.01475934706613	0.759537398828412	641
-0.0190906504648001	0.550321617620206	1119
-0.0190735236970101	0.549621946077532	1602
0.0241259353643599	1.0249723983371	1475
0.04690768225589	1.2869191256241	3206
-0.0622184692893799	1.50105474389002	44
0.0261605415731001	1.02407684478155	34
0.03342917698625	1.3048318294361	34
0.0063555731143099	0.763740367668568	34
-0.01793915586182	0.550681864442582	421
0.0311689020945001	1.01422881775072	501
-0.0237047183471799	0.553131982412369	44
0.0313358837825299	1.01518563757739	44
0.0251436124525	1.02531786052478	44
0.0119175278396799	0.763411251497296	4
-0.1118880508397	1.23199163864212	34
-0.01867963642989	0.551199515777305	236
0.00994204588735004	2.09310511335889	551
-0.01833170548507	0.550474500519343	1119
0.0193307005827901	0.754501979389326	1119
-0.01833170548507	0.550474500519343	1119
-0.0229578492434499	0.552861579278889	2539
-0.0226179329145799	0.552416088281882	34
-0.0175902174126199	0.550484114851072	34
0.0165448668291399	0.759410563089855	236
-0.0175902174126199	0.550484114851072	236
0.05599901690528	1.53465107063004	1076
-0.01867963642989	0.551199515777305	641
-0.01684905918208	0.549966932484854	484
-0.024451922565	0.552456091331436	2539
-0.0229578492434499	0.552861579278889	2
0.00641522583124998	0.761180666319665	1536
-0.0944465229404601	1.20566348226799	1536
-0.0237047183471799	0.553131982412369	929
-0.01684905918208	0.549966932484854	565
-0.0171990042076899	0.549264213163276	5413
-0.01867963642989	0.551199515777305	5413
-0.01684905918208	0.549966932484854	414
-0.01406510425906	0.548397333153719	414
0.0165448668291399	0.759410563089855	202
-0.0161082304962099	0.548551675553127	44
0.0500695517633101	1.28122173205307	44
-0.0237047183471799	0.553131982412369	34
-0.02801043708842	0.553669292297474	34
0.01599197035305	0.758811048932772	641
0.00604204889011006	0.765135241638034	641
-0.0211231585375999	0.550885444723327	2383
-0.024451922565	0.552456091331436	1119
-0.0175902174126199	0.550484114851072	2
-0.0175902174126199	0.550484114851072	14
-0.01793915586182	0.550681864442582	14
-0.0175902174126199	0.550484114851072	929
-0.0222113149496199	0.551599382638492	565
0.01624146650967	0.757911091286895	182
-0.01833170548507	0.550474500519343	44
-0.02187037799917	0.552145600192979	202
-0.0175902174126199	0.550484114851072	202
0.0471041903760201	1.29032998007101	1728
-0.0133214523362899	0.547881190959341	34
-0.0237047183471799	0.553131982412369	2383
-0.0229578492434499	0.552861579278889	2383
0.0119175278396799	0.763411251497296	1119
-0.0161082304962099	0.548551675553127	2
-0.0226179329145799	0.552416088281882	19
-0.0171990042076899	0.549264213163276	182
-0.0237047183471799	0.553131982412369	973
0.02707268742751	1.02127154106247	44
0.0162983452085099	0.758703814770182	44
-0.02801043708842	0.553669292297474	34
-0.0190735236970101	0.549621946077532	34
-0.01793915586182	0.550681864442582	1076
0.00139061851764	0.765952564890775	484
0.0171661011528299	0.75904802450482	484
0.01809055511489	0.756301931943798	57
-0.0194204462082701	0.551189226731038	860
0.0171661011528299	0.75904802450482	2949
0.01871077411124	0.755607155160683	2949
-0.0233936745368599	0.550862796636914	19
-0.01793915586182	0.550681864442582	80
-0.0237047183471799	0.553131982412369	3441
-0.01793915586182	0.550681864442582	44
0.0257548876813101	1.02394917609879	2183
-0.0194204462082701	0.551189226731038	34
-0.0175902174126199	0.550484114851072	34
0.00548657232761007	0.761844560564074	641
0.0302140347342099	1.01432592508702	641
0.0340132506823101	1.01221277909953	1
-0.01867963642989	0.551199515777305	57
-0.10292338050295	1.21729530742576	2539
-0.0194204462082701	0.551189226731038	2539
0.0122336098195099	0.760696390018375	860
-0.0133214523362899	0.547881190959341	2
-0.0237047183471799	0.553131982412369	2949
-0.0229578492434499	0.552861579278889	182
-0.01867963642989	0.551199515777305	202
-0.01793915586182	0.550681864442582	202
-0.01867963642989	0.551199515777305	202
-0.0175902174126199	0.550484114851072	3123
-0.11224337609774	1.2331490859026	1076
-0.01867963642989	0.551199515777305	484
0.01568262168429	0.758873820806681	57
-0.01867963642989	0.551199515777305	144
-0.10603560874472	1.22806364560938	1536
0.03309935646667	1.01532401109268	414
0.06074179098849	1.52689003898264	4
0.01624146650967	0.757911091286895	1728
0.0407362970071801	1.29488235634814	34
-0.0226179329145799	0.552416088281882	34
-0.0568048446346501	1.48830092642531	34
-0.0229578492434499	0.552861579278889	3248
-0.0277678005627	1.71947189561075	34
0.0165448668291399	0.759410563089855	1076
0.0240478269531601	1.02603206736299	641
-0.0222113149496199	0.551599382638492	1
-0.0175902174126199	0.550484114851072	2539
-0.0237047183471799	0.553131982412369	2
-0.01867963642989	0.551199515777305	2328
-0.01684905918208	0.549966932484854	2328
-0.0222113149496199	0.551599382638492	1148
-0.01684905918208	0.549966932484854	1148
-0.01684905918208	0.549966932484854	80
-0.01793915586182	0.550681864442582	1536
0.0122336098195099	0.760696390018375	1536
-0.01867963642989	0.551199515777305	182
0.03676664259383	1.30100644805853	44
0.02565217044963	1.02488978075624	44
0.01778704217386	0.758349119765208	236
0.0119175278396799	0.763411251497296	1076
-0.10312323187153	1.22519374103777	641
-0.0175902174126199	0.550484114851072	1148
0.0836009535486999	2.25575753664229	1475
-0.01793915586182	0.550681864442582	1536
-0.01867963642989	0.551199515777305	182
-0.02801043708842	0.553669292297474	973
-0.0261719333284201	0.551946229427137	2183
0.0899161389880301	1.88564056804526	44
0.0364128209096799	1.00714968573362	34
0.01624146650967	0.757911091286895	1
-0.0237047183471799	0.553131982412369	1
0.0168631287751999	0.757214073923297	1
0.0336071167225001	1.01473130594953	1119
-0.01833170548507	0.550474500519343	2949
-0.01793915586182	0.550681864442582	1148
-0.01867963642989	0.551199515777305	144
-0.0233936745368599	0.550862796636914	202
0.01284008349584	0.760648448535067	179
-0.024451922565	0.552456091331436	34
-0.01833170548507	0.550474500519343	34
0.0541410176272801	1.53833340403562	641
0.0402035555561699	1.30045684524222	1119
-0.10242921546217	1.21603218420077	2
0.0199503347691601	0.75250704046807	2
0.0134581848063	0.760090988436568	1536
-0.0261719333284201	0.551946229427137	973
-0.01684905918208	0.549966932484854	5318
-0.02187037799917	0.552145600192979	5318
-0.01793915586182	0.550681864442582	202
-0.0194204462082701	0.551189226731038	202
-0.0269256257472901	0.552956033505307	34
-0.024451922565	0.552456091331436	34
-0.0194204462082701	0.551189226731038	34
0.01778704217386	0.758349119765208	34
-0.01793915586182	0.550681864442582	3345
-0.0171990042076899	0.549264213163276	1119
0.0165448668291399	0.759410563089855	1119
0.0340132506823101	1.01221277909953	531
-0.0237047183471799	0.553131982412369	2
-0.01834057120307	0.550050642444883	2949
-0.01793915586182	0.550681864442582	1148
-0.0226179329145799	0.552416088281882	144
-0.01867963642989	0.551199515777305	80
0.0962048999504399	2.22511432554205	1475
0.03155555077595	2.23852083166441	1475
-0.01793915586182	0.550681864442582	565
-0.0229578492434499	0.552861579278889	973
0.02280435656283	1.0244268012757	2473
0.0324258256988399	1.01372733165958	414
-0.02187037799917	0.552145600192979	3517
0.0125363585454501	0.762850768189531	34
0.0063555731143099	0.763740367668568	34
-0.01684905918208	0.549966932484854	1119
-0.0226179329145799	0.552416088281882	2
0.01592333896194	0.759438031046279	2949
-0.0233936745368599	0.550862796636914	80
-0.0175902174126199	0.550484114851072	80
0.01407599498447	0.759090320592301	1475
-0.0261719333284201	0.551946229427137	565
-0.0133214523362899	0.547881190959341	202
-0.01793915586182	0.550681864442582	34
-0.0175902174126199	0.550484114851072	34
0.02991361816884	1.01764457331484	641
-0.01793915586182	0.550681864442582	1119
-0.0171990042076899	0.549264213163276	57
0.0237856323831001	0.749532235889444	57
-0.0161082304962099	0.548551675553127	1271
-0.01684905918208	0.549966932484854	19
0.02124601983105	0.754324576611081	80
0.01537580367915	0.759367033073816	182
0.0646037646813	1.52316013855502	44
-0.0211231585375999	0.550885444723327	202
-0.0237047183471799	0.553131982412369	202
-0.0161082304962099	0.548551675553127	202
-0.0198410677985901	0.54965404061661	202
0.04066429203633	1.29994632671523	44
0.01561951040345	0.758273432029444	3975
-0.01867963642989	0.551199515777305	34
-0.0520740667127799	1.47706682192169	236
0.0168492385878301	0.756691810281742	641
0.0109947834108299	0.762259539823454	641
-0.0171990042076899	0.549264213163276	1119
0.02124601983105	0.754324576611081	1119
-0.0211231585375999	0.550885444723327	57
-0.0194204462082701	0.551189226731038	1271
-0.0194204462082701	0.551189226731038	919
0.0125363585454501	0.762850768189531	973
-0.0222113149496199	0.551599382638492	414
0.01824793465501	1.0277298638871	34
-0.0194204462082701	0.551189226731038	34
0.02021444911343	1.02979291111824	34
-0.01833170548507	0.550474500519343	34
0.0392109459847401	1.30304086604622	641
-0.10213866234281	1.22427119358498	641
-0.01684905918208	0.549966932484854	8
-0.11269388829788	1.23102729798033	34
0.0215521815141499	0.754354654287299	34
-0.01684905918208	0.549966932484854	34
-0.01684905918208	0.549966932484854	34
-0.01416705362201	1.67656247420211	236
0.0211617750113899	1.02864109830435	641
0.04144314756601	1.2982881400954	1119
0.0119175278396799	0.763411251497296	1119
-0.0194204462082701	0.551189226731038	117
-0.01793915586182	0.550681864442582	5466
-0.01793915586182	0.550681864442582	14
-0.0175902174126199	0.550484114851072	19
0.04301931813585	1.29769079713268	8
-0.01867963642989	0.551199515777305	2281
-0.0229578492434499	0.552861579278889	179
0.01624146650967	0.757911091286895	179
0.02565217044963	1.02488978075624	44
0.00108688070366991	0.764731344103769	4
-0.01867963642989	0.551199515777305	34
0.0122216908150199	0.760819889603963	34
0.01407599498447	0.759090320592301	34
-0.10247714592743	1.2207878097138	1
-0.024451922565	0.552456091331436	3343
-0.0194204462082701	0.551189226731038	641
-0.05199937714783	1.48366717936274	641
-0.01867963642989	0.551199515777305	1
-0.01867963642989	0.551199515777305	1119
-0.11031163766987	1.23239484815829	531
-0.0171990042076899	0.549264213163276	57
-0.01684905918208	0.549966932484854	1271
-0.01406510425906	0.548397333153719	628
0.01561951040345	0.758273432029444	182
0.01624146650967	0.757911091286895	8
0.0078920702023999	0.764028740507937	3377
-0.0133214523362899	0.547881190959341	202
-0.0237047183471799	0.553131982412369	34
0.04203047849513	1.29832878233286	236
-0.0133214523362899	0.547881190959341	117
-0.0261719333284201	0.551946229427137	4861
-0.0229578492434499	0.552861579278889	19
0.01778704217386	0.758349119765208	182
-0.0161082304962099	0.548551675553127	8
-0.0161082304962099	0.548551675553127	2281
0.0405561055157899	1.30177474600081	904
-0.06176655273498	1.50127171956888	34
0.02903517183933	1.02204949492412	236
-0.06215353625929	1.49685329252886	236
-0.01684905918208	0.549966932484854	57
0.02186403423846	0.753221450651074	57
-0.01684905918208	0.549966932484854	6
-0.01793915586182	0.550681864442582	117
-0.01684905918208	0.549966932484854	4861
0.01599197035305	0.758811048932772	8
-0.0175902174126199	0.550484114851072	202
-0.0211231585375999	0.550885444723327	202
-0.0237047183471799	0.553131982412369	891
0.01284008349584	0.760648448535067	179
0.01407599498447	0.759090320592301	34
-0.0194204462082701	0.551189226731038	846
0.00604204889011006	0.765135241638034	34
0.0233138877407	1.02438215085903	236
-0.11080490215389	1.23236856126249	1
-0.01793915586182	0.550681864442582	57
-0.0237047183471799	0.553131982412369	628
-0.01867963642989	0.551199515777305	628
-0.01867963642989	0.551199515777305	4596
0.02093431032988	0.754713979888223	182
-0.01406510425906	0.548397333153719	182
-0.01793915586182	0.550681864442582	202
-0.01834057120307	0.550050642444883	44
0.0785333195812199	1.90912468838278	4
-0.01867963642989	0.551199515777305	34
-0.01793915586182	0.550681864442582	470
-0.02725743812157	0.552658014762978	1
-0.01833170548507	0.550474500519343	2973
0.01624146650967	0.757911091286895	57
0.00665901307583994	0.765261578783683	4684
-0.0229578492434499	0.552861579278889	6
-0.0237047183471799	0.553131982412369	628
-0.10766432704301	1.22111938412895	1314
-0.01257813221999	0.546472227688933	182
0.0733723090110201	1.92565415670901	44
-0.0211231585375999	0.550885444723327	202
0.01871077411124	0.755607155160683	34
-0.0229578492434499	0.552861579278889	34
-0.0194204462082701	0.551189226731038	846
-0.0133214523362899	0.547881190959341	34
0.01778704217386	0.758349119765208	57
-0.0222113149496199	0.551599382638492	422
-0.0233658235888801	0.551742344860982	4596
-0.01867963642989	0.551199515777305	19
-0.11802243948345	1.23124103966846	8
0.0125363585454501	0.762850768189531	8
0.01871077411124	0.755607155160683	3377
0.00512046256540999	0.763983990824277	3377
-0.0330973152037799	0.553408349636547	891
-0.0237047183471799	0.553131982412369	34
-0.0194204462082701	0.551189226731038	1
0.0449342149074601	1.29010036804938	1
-0.0226179329145799	0.552416088281882	6
-0.01867963642989	0.551199515777305	422
-0.0175902174126199	0.550484114851072	14
0.0119175278396799	0.763411251497296	400
-0.02187037799917	0.552145600192979	891
-0.01793915586182	0.550681864442582	904
-0.0229578492434499	0.552861579278889	34
-0.0171990042076899	0.549264213163276	34
0.0438883611639	1.2983868759645	236
-0.01867963642989	0.551199515777305	1
0.04342847791724	1.29889671885983	57
-0.0226179329145799	0.552416088281882	6
-0.02187037799917	0.552145600192979	628
0.0193307005827901	0.754501979389326	628
-0.0133214523362899	0.547881190959341	8
0.0122336098195099	0.760696390018375	202
-0.0222113149496199	0.551599382638492	3129
-0.0133214523362899	0.547881190959341	904
-0.0201615854936801	0.55033415003984	904
-0.0194204462082701	0.551189226731038	34
0.0440089577935501	1.29511826350025	34
0.0288944917640499	1.0191869890738	6
-0.02187037799917	0.552145600192979	422
-0.0237047183471799	0.553131982412369	1475
0.01778704217386	0.758349119765208	8
-0.0222113149496199	0.551599382638492	202
0.01129840522229	0.763582575492988	44
0.05707422630237	1.53249355121902	904
0.0280897854790601	1.02079996471465	4
-0.0559075159947899	1.49013036830807	2304
-0.0171990042076899	0.549264213163276	846
-0.0226179329145799	0.552416088281882	1
-0.0175902174126199	0.550484114851072	1475
-0.01867963642989	0.551199515777305	8
0.02747041865544	1.01742344098921	973
-0.0175908297052101	0.54879582421027	414
-0.0229578492434499	0.552861579278889	202
-0.0229578492434499	0.552861579278889	3129
0.00466543345582005	1.89911446362258	904
0.06785387066203	1.51431876103035	4
-0.02495897939582	1.71261463144341	1358
-0.01793915586182	0.550681864442582	34
-0.0194204462082701	0.551189226731038	2973
-0.0229578492434499	0.552861579278889	57
-0.01867963642989	0.551199515777305	6
0.01778704217386	0.758349119765208	973
-0.0175902174126199	0.550484114851072	1319
0.00665901307583994	0.765261578783683	34
-0.0135373156735199	1.68742763022961	236
0.0298086414302301	1.01807488376152	34
0.02280435656283	1.0244268012757	57
0.0294041486810801	1.01859137622764	6
-0.01833170548507	0.550474500519343	999
-0.01867963642989	0.551199515777305	416
-0.0175902174126199	0.550484114851072	1128
0.0165448668291399	0.759410563089855	1475
-0.0633228900948499	1.49828822982959	973
-0.01684905918208	0.549966932484854	470
-0.01684905918208	0.549966932484854	470
-0.11320551288273	1.23300342090332	57
-0.0194204462082701	0.551189226731038	57
0.0103749316466599	0.762431636633961	422
-0.01406510425906	0.548397333153719	416
-0.0229578492434499	0.552861579278889	584
-0.0148090882885701	0.548389809404095	19
0.0215521815141499	0.754354654287299	990
-0.01867963642989	0.551199515777305	1314
0.01747004335381	0.756663056048577	8
0.0480982717884599	1.28643543802152	8
-0.0194204462082701	0.551189226731038	34
0.02903517183933	1.02204949492412	34
0.0211617750113899	1.02864109830435	34
-0.0237047183471799	0.553131982412369	1
0.0103749316466599	0.762431636633961	57
-0.0175902174126199	0.550484114851072	628
-0.01833170548507	0.550474500519343	416
-0.0194204462082701	0.551189226731038	584
-0.0194204462082701	0.551189226731038	584
-0.01867963642989	0.551199515777305	584
-0.01867963642989	0.551199515777305	19
-0.0194204462082701	0.551189226731038	19
0.0171661011528299	0.75904802450482	182
0.00604204889011006	0.765135241638034	8
-0.0237047183471799	0.553131982412369	8
-0.0229578492434499	0.552861579278889	8
-0.0161082304962099	0.548551675553127	8
-0.0190906504648001	0.550321617620206	3129
-0.0229578492434499	0.552861579278889	134
0.01592333896194	0.759438031046279	34
-0.01793915586182	0.550681864442582	386
-0.0171990042076899	0.549264213163276	386
-0.0133214523362899	0.547881190959341	34
0.0054247939732901	0.764072841218079	34
-0.01684905918208	0.549966932484854	834
0.00573816335918997	0.764108055072956	456
0.0168631287751999	0.757214073923297	456
-0.0175902174126199	0.550484114851072	117
-0.01867963642989	0.551199515777305	584
-0.01793915586182	0.550681864442582	2250
-0.01833170548507	0.550474500519343	398
0.00548657232761007	0.761844560564074	8
0.01748449744128	0.756105395003867	1319
0.0671222929842401	1.50940531225668	2304
-0.0175902174126199	0.550484114851072	134
-0.01833170548507	0.550474500519343	34
-0.0194204462082701	0.551189226731038	57
-0.01867963642989	0.551199515777305	57
-0.01833170548507	0.550474500519343	57
0.0168631287751999	0.757214073923297	1336
-0.01833170548507	0.550474500519343	422
-0.0194204462082701	0.551189226731038	4339
-0.0229578492434499	0.552861579278889	973
0.0251436124525	1.02531786052478	8
0.0443481020444101	1.29742202635096	1319
-0.10203000831626	1.21990399666934	4
-0.0211231585375999	0.550885444723327	34
-0.0211231585375999	0.550885444723327	34
-0.01684905918208	0.549966932484854	999
-0.01406510425906	0.548397333153719	416
0.0193307005827901	0.754501979389326	182
0.01568262168429	0.758873820806681	8
-0.01833170548507	0.550474500519343	8
-0.0161082304962099	0.548551675553127	8
-0.02187037799917	0.552145600192979	869
-0.01684905918208	0.549966932484854	8
0.0341146906365399	1.01378875669284	8
0.02382323145975	1.02395408994369	8
-0.02725743812157	0.552658014762978	4
0.0116143427219699	0.761700246788856	34
-0.01406510425906	0.548397333153719	422
0.0162983452085099	0.758703814770182	117
0.0125363585454501	0.762850768189531	8
-0.10346572361335	1.2213228672274	2864
0.00975478718977008	0.762163263594681	34
-0.0194204462082701	0.551189226731038	4
-0.01833170548507	0.550474500519343	34
-0.0229578492434499	0.552861579278889	5475
-0.10263086194744	1.22494757686701	752
-0.0233658235888801	0.551742344860982	1779
-0.01684905918208	0.549966932484854	6
0.04158533673405	1.29752940385601	8
0.00900880880407007	1.8830091664226	8
-0.10652729667895	1.22901414219359	869
-0.11464347259909	1.23567919171849	8
0.0125363585454501	0.762850768189531	236
0.02124601983105	0.754324576611081	1
-0.02187037799917	0.552145600192979	834
-0.11174962875569	1.23372500731558	650
-0.01684905918208	0.549966932484854	1779
-0.0229578492434499	0.552861579278889	5079
-0.01833170548507	0.550474500519343	57
-0.0148090882885701	0.548389809404095	6
0.036850053719	1.00662778480491	117
-0.0155534047254999	0.547544421448577	1128
-0.0201615854936801	0.55033415003984	584
-0.0508207009884401	1.47888657895083	8
0.00975478718977008	0.762163263594681	869
0.0240478269531601	1.02603206736299	8
0.02677148109582	1.01903127133684	8
-0.0194204462082701	0.551189226731038	8
0.0200856657450199	1.02819197612094	8
0.02124601983105	0.754324576611081	34
0.0716024679641101	1.92474800797686	34
0.0215521815141499	0.754354654287299	34
-0.01833170548507	0.550474500519343	34
0.03967188818365	1.30252951141442	470
-0.01684905918208	0.549966932484854	5475
-0.01793915586182	0.550681864442582	6
-0.024451922565	0.552456091331436	6
-0.01867963642989	0.551199515777305	6
-0.02187037799917	0.552145600192979	117
-0.01406510425906	0.548397333153719	1998
0.0125363585454501	0.762850768189531	416
-0.02187037799917	0.552145600192979	4
-0.0229578492434499	0.552861579278889	34
-0.0233936745368599	0.550862796636914	34
0.0478292748059701	1.28627545389156	34
0.0063555731143099	0.763740367668568	240
-0.01867963642989	0.551199515777305	1
-0.01793915586182	0.550681864442582	5079
-0.0175902174126199	0.550484114851072	1556
-0.01834057120307	0.550050642444883	584
-0.10263720235471	1.90143967520625	182
0.0256312874937501	0.748462431786099	8
0.0285270272181699	1.02247697237609	869
-0.0175902174126199	0.550484114851072	8
0.0172055378023399	2.0828093044841	34
-0.01867963642989	0.551199515777305	1
0.02160078563551	1.02476301988044	597
0.01213625587195	2.08089149342797	1
-0.01793915586182	0.550681864442582	5079
-0.01684905918208	0.549966932484854	6
0.00727568676764001	0.764893675986884	117
-0.10213866234281	1.22427119358498	8
-0.0229578492434499	0.552861579278889	8
-0.01793915586182	0.550681864442582	34
-0.01684905918208	0.549966932484854	34
0.01871077411124	0.755607155160683	75
-0.02286885258288	1.70961819085905	1
0.0125363585454501	0.762850768189531	5475
0.01475934706613	0.759537398828412	1
0.0078920702023999	0.764028740507937	240
-0.0226179329145799	0.552416088281882	1
-0.02187037799917	0.552145600192979	5079
-0.0211231585375999	0.550885444723327	1556
-0.01833170548507	0.550474500519343	19
-0.0229578492434499	0.552861579278889	398
0.0116143427219699	0.761700246788856	8
-0.01257813221999	0.546472227688933	240
0.0171661011528299	0.75904802450482	117
0.01871077411124	0.755607155160683	768
-0.0226179329145799	0.552416088281882	117
0.0573059531268201	1.53493644743692	765
0.0799420434059099	2.09453282709066	8
-0.10543564029091	1.22723185964552	8
-0.0516234571797001	1.48327793659578	34
-0.01867963642989	0.551199515777305	5475
-0.09724724547188	1.2143453155925	240
-0.0198410677985901	0.54965404061661	6
0.0165448668291399	0.759410563089855	768
-0.0194204462082701	0.551189226731038	117
-0.0190735236970101	0.549621946077532	398
-0.01793915586182	0.550681864442582	398
0.02827971322798	1.01774283179062	8
0.01809055511489	0.756301931943798	8
0.0261605415731001	1.02407684478155	8
0.0162281405764699	0.756314977892655	470
-0.01793915586182	0.550681864442582	1
0.0266687259410301	1.02283390380658	1
-0.01867963642989	0.551199515777305	3113
-0.0226179329145799	0.552416088281882	6
-0.01684905918208	0.549966932484854	584
-0.0473865266372799	1.46748897963146	8
-0.01793915586182	0.550681864442582	8
0.0802886409978401	1.70068409359112	4
-0.0591495722629301	1.49109069926014	34
0.01720587383702	1.0305400611968	34
0.01284008349584	0.760648448535067	34
0.02160078563551	1.02476301988044	34
-0.10391222463261	1.21860517740386	34
-0.0211231585375999	0.550885444723327	470
-0.0201615854936801	0.55033415003984	597
-0.0233658235888801	0.551742344860982	1
0.01164779509617	0.760199741312899	240
0.0171661011528299	0.75904802450482	6
0.0168492385878301	0.756691810281742	398
-0.01406510425906	0.548397333153719	398
0.0135255630761699	0.7581036501011	990
-0.0229578492434499	0.552861579278889	990
-0.0678903692990001	2.07817663289034	4
0.01871077411124	0.755607155160683	34
-0.0229578492434499	0.552861579278889	34
0.0122216908150199	0.760819889603963	75
0.0504654254185499	1.28019405135627	34
-0.11031163766987	1.23239484815829	34
0.0292991861709899	1.01833338602226	5475
-0.10070451972405	1.21922278995738	6
-0.0229578492434499	0.552861579278889	117
0.0125363585454501	0.762850768189531	117
-0.02767965965745	0.552564085173501	117
-0.0175902174126199	0.550484114851072	398
-0.02187037799917	0.552145600192979	584
-0.01793915586182	0.550681864442582	398
-0.0237047183471799	0.553131982412369	1613
0.0162983452085099	0.758703814770182	34
0.0822792413006299	1.90794146066061	470
-0.0175902174126199	0.550484114851072	1874
-0.0171990042076899	0.549264213163276	650
-0.10148925321653	1.21866729293684	6
0.00602508547929004	1.88626664974889	3545
0.0211617750113899	1.02864109830435	8
-0.02725743812157	0.552658014762978	8
-0.0175902174126199	0.550484114851072	133
-0.0161082304962099	0.548551675553127	8
-0.0644031174975801	1.50476002508444	34
-0.0214726899447799	1.70449001836137	69
-0.0226179329145799	0.552416088281882	650
-0.01867963642989	0.551199515777305	650
0.01284008349584	0.760648448535067	6
-0.0175902174126199	0.550484114851072	398
-0.01867963642989	0.551199515777305	398
-0.10247714592743	1.2207878097138	990
0.01407599498447	0.759090320592301	8
0.01315489757833	0.761843472172444	8
-0.01684905918208	0.549966932484854	8
0.02360865444033	1.02455937999603	4
-0.0269256257472901	0.552956033505307	75
-0.01833170548507	0.550474500519343	75
0.02838464729894	1.01944578877465	3113
0.01624146650967	0.757911091286895	398
-0.0226179329145799	0.552416088281882	398
0.00757966586990011	0.762502085868347	398
0.0171661011528299	0.75904802450482	34
-0.01833170548507	0.550474500519343	597
-0.09823211528759	1.21645746531654	1
0.0078920702023999	0.764028740507937	240
0.0125363585454501	0.762850768189531	571
-0.01833170548507	0.550474500519343	6
-0.01793915586182	0.550681864442582	768
-0.0229578492434499	0.552861579278889	398
-0.0171990042076899	0.549264213163276	8
-0.0122473292899199	1.68260666684152	8
0.06266841816189	1.52693666272575	8
0.0165448668291399	0.759410563089855	5135
-0.10312323187153	1.22519374103777	34
0.0109947834108299	0.762259539823454	34
0.0119175278396799	0.763411251497296	34
-0.0175902174126199	0.550484114851072	34
0.0452568082071601	1.29291629272067	470
-0.0641676782565801	1.50053607930556	470
0.0119175278396799	0.763411251497296	470
-0.0237047183471799	0.553131982412369	597
0.01592333896194	0.759438031046279	650
-0.10015891549466	1.21531355862048	240
-0.01793915586182	0.550681864442582	240
-0.0194204462082701	0.551189226731038	571
0.00665901307583994	0.765261578783683	928
-0.01793915586182	0.550681864442582	768
-0.01406510425906	0.548397333153719	398
0.0321857641482	1.01406258130427	990
0.06256045009675	1.51610402752307	8
-0.01684905918208	0.549966932484854	5135
0.04151480428471	1.3000530701378	34
-0.0190906504648001	0.550321617620206	34
0.02124601983105	0.754324576611081	34
-0.0229578492434499	0.552861579278889	650
0.0119175278396799	0.763411251497296	117
-0.0175902174126199	0.550484114851072	8
0.0377578499106599	1.30373450525187	8
-0.01684905918208	0.549966932484854	1088
-0.01793915586182	0.550681864442582	6
-0.01793915586182	0.550681864442582	2702
-0.0175902174126199	0.550484114851072	398
-0.01833170548507	0.550474500519343	4
0.00727568676764001	0.764893675986884	34
-0.0172512316275699	1.70059154722403	4374
0.0122216908150199	0.760819889603963	470
-0.09679880765963	1.21172319750845	470
-0.01833170548507	0.550474500519343	7
-0.0175902174126199	0.550484114851072	117
-0.01833170548507	0.550474500519343	1855
0.00665901307583994	0.765261578783683	928
-0.02187037799917	0.552145600192979	768
-0.02801043708842	0.553669292297474	398
-0.0229578492434499	0.552861579278889	398
-0.0175902174126199	0.550484114851072	990
0.0215521815141499	0.754354654287299	4
-0.0175902174126199	0.550484114851072	1613
0.01561951040345	0.758273432029444	69
-0.0175902174126199	0.550484114851072	34
-0.0190906504648001	0.550321617620206	34
-0.0175902174126199	0.550484114851072	470
0.0415692625851101	1.29863437184814	7
0.0149972602149799	0.758302386104218	650
-0.0993425806372801	1.21491269885941	240
0.0242285957358399	1.02643660961203	6
-0.01867963642989	0.551199515777305	398
-0.0161082304962099	0.548551675553127	398
-0.0229578492434499	0.552861579278889	398
-0.0171990042076899	0.549264213163276	398
-0.01684905918208	0.549966932484854	398
-0.01867963642989	0.551199515777305	4
-0.0211231585375999	0.550885444723327	8
-0.0261719333284201	0.551946229427137	4
-0.0269256257472901	0.552956033505307	1163
-0.10263749926747	1.89857328109483	34
-0.01793915586182	0.550681864442582	34
-0.0194204462082701	0.551189226731038	34
0.03967188818365	1.30252951141442	34
-0.05761828559398	1.4947847381769	34
0.01871077411124	0.755607155160683	470
-0.06316103929106	1.49985753146722	7
0.04493014781966	1.29326860596272	7
-0.09729102127612	1.21256727534184	240
-0.0175902174126199	0.550484114851072	398
0.04716602807466	1.29319875785186	182
-0.0148090882885701	0.548389809404095	8
-0.10247714592743	1.2207878097138	8
-0.01684905918208	0.549966932484854	1088
-0.0171990042076899	0.549264213163276	1088
-0.01867963642989	0.551199515777305	34
-0.0237047183471799	0.553131982412369	1430
0.0279806519479	1.01716417707732	1
-0.0194204462082701	0.551189226731038	1088
-0.02187037799917	0.552145600192979	34
-0.01684905918208	0.549966932484854	528
0.0581570649279499	1.53529399777063	470
-0.10494239030521	1.22610427020303	7
0.0149972602149799	0.758302386104218	240
0.0231075093620201	1.02176134974796	398
-0.0237047183471799	0.553131982412369	8
0.0280897854790601	1.02079996471465	8
0.00727568676764001	0.764893675986884	8
-0.0198410677985901	0.54965404061661	1088
0.0193902290263399	0.755405479634455	3629
-0.0222113149496199	0.551599382638492	4
-0.0237047183471799	0.553131982412369	3844
-0.01833170548507	0.550474500519343	69
-0.0226179329145799	0.552416088281882	34
-0.0148090882885701	0.548389809404095	528
0.0658420817102901	1.51170228551773	606
0.02903517183933	1.02204949492412	5475
-0.0175902174126199	0.550484114851072	650
-0.01867963642989	0.551199515777305	7
0.02838464729894	1.01944578877465	240
0.0119175278396799	0.763411251497296	6
0.00548657232761007	0.761844560564074	6
-0.0194204462082701	0.551189226731038	398
0.02524631072753	1.02519389960119	8
0.03587903310198	1.30666110692026	8
-0.0237047183471799	0.553131982412369	8
-0.0211231585375999	0.550885444723327	1088
-0.0190735236970101	0.549621946077532	1088
-0.0161082304962099	0.548551675553127	3844
-0.0964084927270601	1.88964975146902	470
-0.05761828559398	1.4947847381769	470
0.00604204889011006	0.765135241638034	240
0.0134581848063	0.760090988436568	117
0.0125363585454501	0.762850768189531	398
-0.01684905918208	0.549966932484854	398
0.0162983452085099	0.758703814770182	1088
0.0636649096765201	1.51936965620895	34
-0.05535938314793	1.4928734221645	69
0.0171661011528299	0.75904802450482	69
0.01129840522229	0.763582575492988	75
-0.05707685977716	1.49234590023668	470
-0.01867963642989	0.551199515777305	1874
-0.01833170548507	0.550474500519343	117
-0.01793915586182	0.550681864442582	117
0.0104210257967201	0.760439585074425	398
-0.0229578492434499	0.552861579278889	8
-0.0148090882885701	0.548389809404095	1088
-0.01833170548507	0.550474500519343	3629
0.0206277143186899	0.755017748186865	470
-0.02767965965745	0.552564085173501	992
-0.0175902174126199	0.550484114851072	606
0.02021444911343	1.02979291111824	571
-0.10341771685893	1.21814354164525	571
-0.0535559674058801	1.48977082192916	6
0.01592333896194	0.759438031046279	6
-0.0194204462082701	0.551189226731038	398
0.0171661011528299	0.75904802450482	398
-0.0637750638935399	1.49858431238327	182
0.02565217044963	1.02488978075624	42
-0.01793915586182	0.550681864442582	182
-0.01684905918208	0.549966932484854	4
-0.0261719333284201	0.551946229427137	1088
-0.0222113149496199	0.551599382638492	1088
0.00573816335918997	0.764108055072956	4
-0.01833170548507	0.550474500519343	375
0.00607837037024006	1.88341919505372	34
-0.10164663295618	1.22314642766214	240
-0.10592906114768	1.2279102410131	6
0.01561951040345	0.758273432029444	2656
0.0109947834108299	0.762259539823454	6
0.01660784732416	0.757812324223895	6
-0.0161082304962099	0.548551675553127	398
0.0125363585454501	0.762850768189531	5075
-0.01833170548507	0.550474500519343	5075
0.03488440923481	1.30730554279099	182
-0.10838136322609	1.22588445766798	4
-0.09823211528759	1.21645746531654	8
-0.0194204462082701	0.551189226731038	133
0.0243323878386299	1.02314298573561	4
-0.024451922565	0.552456091331436	4
-0.0211231585375999	0.550885444723327	75
0.0165448668291399	0.759410563089855	4655
-0.01867963642989	0.551199515777305	3283
-0.0171990042076899	0.549264213163276	635
-0.01867963642989	0.551199515777305	635
-0.0175908297052101	0.54879582421027	398
-0.0261719333284201	0.551946229427137	8
-0.0237047183471799	0.553131982412369	8
-0.10736566006625	1.22951384544957	4
-0.0211231585375999	0.550885444723327	1551
-0.0609812682109101	1.49468380836535	34
-0.0229578492434499	0.552861579278889	22
-0.10297134909731	1.2212501524651	6
-0.01833170548507	0.550474500519343	4365
-0.01833170548507	0.550474500519343	4
0.0447964339742799	1.29322099440406	69
0.03864030187123	1.30433959126548	6
0.0153015173100599	0.759056625172602	479
-0.0175908297052101	0.54879582421027	8
-0.01635760235645	2.38269209426827	8
-0.0000284402016499374	1.90402265291067	869
-0.0208048418228499	1.70626703625117	4
-0.01793915586182	0.550681864442582	1551
-0.0237047183471799	0.553131982412369	4
-0.0194204462082701	0.551189226731038	4
0.0651798034609801	1.52324178278003	297
-0.01867963642989	0.551199515777305	75
-0.02040774788169	1.70430243974877	470
-0.0175902174126199	0.550484114851072	22
0.0608117826204599	1.53020105344503	7
0.01624146650967	0.757911091286895	479
-0.01867963642989	0.551199515777305	8
-0.02187037799917	0.552145600192979	309
-0.01684905918208	0.549966932484854	4
0.0116143427219699	0.761700246788856	297
-0.05261323042244	1.48064480807136	34
-0.10141303772169	1.89594415311637	240
-0.0548674380262799	1.48540864755046	6
-0.11318794721963	1.23045744844784	381
-0.10263086194744	1.22494757686701	6
-0.01684905918208	0.549966932484854	1003
0.0193307005827901	0.754501979389326	398
-0.0194204462082701	0.551189226731038	182
-0.0229578492434499	0.552861579278889	34
-0.09541945445306	1.88864480587262	297
0.02838464729894	1.01944578877465	297
-0.0201615854936801	0.55033415003984	375
-0.01867963642989	0.551199515777305	7
0.03123197899803	1.01347579477118	1003
-0.0229578492434499	0.552861579278889	479
-0.024451922565	0.552456091331436	8
0.0593557999312	1.52691205592588	4
0.0119175278396799	0.763411251497296	309
-0.0133214523362899	0.547881190959341	8
-0.01793915586182	0.550681864442582	1551
-0.0194204462082701	0.551189226731038	297
-0.0635868271553801	2.07774361661766	34
0.0116143427219699	0.761700246788856	210
-0.10737741311772	1.90112775160787	240
0.0596554437467101	1.52815085281347	6
-0.01867963642989	0.551199515777305	5308
-0.0226179329145799	0.552416088281882	398
0.00108688070366991	0.764731344103769	543
-0.0229578492434499	0.552861579278889	479
-0.0171990042076899	0.549264213163276	3527
-0.0171990042076899	0.549264213163276	4
-0.0133214523362899	0.547881190959341	297
0.0206277143186899	0.755017748186865	34
0.03387778736889	1.0121446827328	210
-0.0229578492434499	0.552861579278889	210
0.00261926804877	0.765211121392914	375
-0.10839873207211	1.2227613113876	5362
0.0125363585454501	0.762850768189531	6
-0.0175902174126199	0.550484114851072	635
-0.0175902174126199	0.550484114851072	936
-0.09966574798447	1.21524025390375	3951
0.05900769199665	1.53365505708174	69
-0.10373679998026	1.21943978087831	34
-0.0568048446346501	1.48830092642531	7
0.0171661011528299	0.75904802450482	6
0.01747004335381	0.756663056048577	381
-0.10213866234281	1.22427119358498	6
-0.0194204462082701	0.551189226731038	6
-0.0226179329145799	0.552416088281882	6
0.0134581848063	0.760090988436568	635
-0.0237047183471799	0.553131982412369	635
-0.10781399294324	1.22658290113529	398
0.0191954080632499	1.02975858040904	398
-0.01833170548507	0.550474500519343	398
0.01778704217386	0.758349119765208	398
-0.0211231585375999	0.550885444723327	398
-0.0201615854936801	0.55033415003984	479
-0.01867963642989	0.551199515777305	479
0.0869072122071	2.0789082796156	182
0.10921911703677	2.49083204842488	3527
0.0227870517039901	0.75256059627571	4
0.00727568676764001	0.764893675986884	297
-0.10981854405075	1.23193117012239	375
-0.01406510425906	0.548397333153719	34
-0.01793915586182	0.550681864442582	34
-0.02187037799917	0.552145600192979	34
0.0260105893559901	1.02199478674686	635
-0.10543564029091	1.22723185964552	635
-0.0171990042076899	0.549264213163276	398
-0.01793915586182	0.550681864442582	479
0.0103749316466599	0.762431636633961	4
-0.10543564029091	1.22723185964552	4
0.01284008349584	0.760648448535067	72
0.0119175278396799	0.763411251497296	297
-0.10637803097768	1.22858701604816	210
0.0063555731143099	0.763740367668568	34
-0.10558318524136	1.22507135736124	34
0.0279806519479	1.01716417707732	34
0.02382323145975	1.02395408994369	34
0.04013268749346	1.30156222765423	34
0.0125363585454501	0.762850768189531	34
-0.01684905918208	0.549966932484854	398
-0.02187037799917	0.552145600192979	398
0.0481557243066699	1.29167014183961	182
-0.10494239030521	1.22610427020303	1551
0.0212327596658199	1.02803723430554	4
0.02124601983105	0.754324576611081	69
-0.0544574039196699	1.49224645711565	69
0.0288944917640499	1.0191869890738	34
0.0287895434765	1.01824056659765	34
-0.103999842511	1.22103069457261	34
0.0482271233546801	1.28857841050099	240
0.03031790937288	1.01748007495024	240
-0.01867963642989	0.551199515777305	240
0.02557089435737	1.02407049959421	6
-0.01257813221999	0.546472227688933	4660
-0.0222113149496199	0.551599382638492	479
-0.0133214523362899	0.547881190959341	72
0.0280897854790601	1.02079996471465	69
-0.0229578492434499	0.552861579278889	210
0.0165448668291399	0.759410563089855	75
-0.01867963642989	0.551199515777305	5362
-0.05815865362892	1.4944459738692	34
0.01871077411124	0.755607155160683	7
-0.10781399294324	1.22658290113529	6
0.0215521815141499	0.754354654287299	398
-0.01867963642989	0.551199515777305	398
-0.01406510425906	0.548397333153719	313
-0.0171990042076899	0.549264213163276	479
0.0168492385878301	0.756691810281742	479
0.01599197035305	0.758811048932772	182
0.03123197899803	1.01347579477118	8
-0.0229578492434499	0.552861579278889	3527
-0.0226374288987801	0.549856773054565	3527
-0.01793915586182	0.550681864442582	1551
0.0353454744131401	1.30654294116774	210
-0.10736566006625	1.22951384544957	240
-0.0175902174126199	0.550484114851072	240
-0.0269256257472901	0.552956033505307	72
0.01809055511489	0.756301931943798	1551
-0.01867963642989	0.551199515777305	1551
0.0116143427219699	0.761700246788856	297
0.02382323145975	1.02395408994369	375
-0.02187037799917	0.552145600192979	34
0.0247375467851501	1.02600797208634	1010
-0.01867963642989	0.551199515777305	6
-0.01867963642989	0.551199515777305	6
-0.0194204462082701	0.551189226731038	4660
-0.01833170548507	0.550474500519343	4660
-0.01867963642989	0.551199515777305	479
0.0266687259410301	1.02283390380658	1551
-0.10213866234281	1.22427119358498	7
0.0119175278396799	0.763411251497296	240
-0.01834057120307	0.550050642444883	240
-0.0194204462082701	0.551189226731038	6
-0.01257813221999	0.546472227688933	6
0.01407599498447	0.759090320592301	6
-0.0175902174126199	0.550484114851072	8
0.00580338165614003	0.76125127482519	4
-0.10547917991948	1.22307298425221	4
-0.0171990042076899	0.549264213163276	5335
-0.10936675618394	1.22729329864779	34
-0.10558318524136	1.22507135736124	34
0.02903517183933	1.02204949492412	240
0.01747004335381	0.756663056048577	4660
-0.0233936745368599	0.550862796636914	4660
-0.01833170548507	0.550474500519343	1542
-0.0233658235888801	0.551742344860982	72
0.0167659187731699	1.03074837815194	34
-0.01867963642989	0.551199515777305	6
0.0266687259410301	1.02283390380658	182
0.0168492385878301	0.756691810281742	8
-0.01793915586182	0.550681864442582	4
-0.10652729667895	1.22901414219359	4
0.02998103343741	1.01887443311445	4
0.036850053719	1.00662778480491	72
0.0176467679208601	1.02688024779275	212
-0.0148090882885701	0.548389809404095	4
-0.01793915586182	0.550681864442582	6
-0.0194204462082701	0.551189226731038	6
-0.0237047183471799	0.553131982412369	6
0.0162983452085099	0.758703814770182	4660
-0.1225209520508	2.23754118513393	8
0.0247375467851501	1.02600797208634	4
0.0203161481024601	0.754741636107711	212
0.00702679084953006	0.76051566164915	4
-0.01684905918208	0.549966932484854	4
-0.01793915586182	0.550681864442582	75
-0.0237047183471799	0.553131982412369	34
0.01871077411124	0.755607155160683	7
0.04617712899247	1.29107074232582	7
-0.024451922565	0.552456091331436	6
-0.02187037799917	0.552145600192979	6
-0.02187037799917	0.552145600192979	6
0.02014336496509	1.02860714024214	6
0.02000911746325	0.755377623377746	6
-0.0229578492434499	0.552861579278889	877
-0.01684905918208	0.549966932484854	869
0.01748449744128	0.756105395003867	4
-0.00745203378763004	1.91793782135749	4
-0.01867963642989	0.551199515777305	72
-0.0175902174126199	0.550484114851072	212
-0.0175902174126199	0.550484114851072	212
-0.01793915586182	0.550681864442582	4
-0.0175902174126199	0.550484114851072	4
0.02964616832553	1.30762071523756	375
-0.06406372956331	1.5039167019627	375
-0.01867963642989	0.551199515777305	34
-0.01684905918208	0.549966932484854	1010
-0.01833170548507	0.550474500519343	240
-0.0222113149496199	0.551599382638492	6
0.03967188818365	1.30252951141442	6
-0.01867963642989	0.551199515777305	6
0.0103749316466599	0.762431636633961	1092
-0.01793915586182	0.550681864442582	413
-0.01793915586182	0.550681864442582	8
0.02852847010407	2.24705216709783	212
0.0110345544285599	0.760564294836467	212
-0.01867963642989	0.551199515777305	212
0.0247375467851501	1.02600797208634	69
0.0171661011528299	0.75904802450482	34
-0.02187037799917	0.552145600192979	22
-0.01793915586182	0.550681864442582	1010
-0.01867963642989	0.551199515777305	7
-0.0175902174126199	0.550484114851072	240
-0.0161082304962099	0.548551675553127	413
0.0116143427219699	0.761700246788856	212
-0.0229578492434499	0.552861579278889	4
0.0609355495444699	1.52345036048535	375
-0.10597263405153	1.22287424948109	22
-0.01684905918208	0.549966932484854	7
-0.0175902174126199	0.550484114851072	6
0.01599197035305	0.758811048932772	72
0.0206277143186899	0.755017748186865	4
-0.02187037799917	0.552145600192979	1257
0.0250163580485501	0.74914716937243	34
0.040096319151	1.30253497771757	240
-0.0172694554437101	1.70413863601048	240
-0.0233658235888801	0.551742344860982	240
-0.0194204462082701	0.551189226731038	1437
-0.01834057120307	0.550050642444883	6
0.01902804526999	0.755226868543909	6
0.0242285957358399	1.02643660961203	877
-0.01867963642989	0.551199515777305	4
0.02160730282898	1.02527140409434	72
-0.12332171305004	2.23591317213019	212
0.0122607480333199	0.759343175819905	4
0.0284569952369	1.01896220387388	212
-0.0194204462082701	0.551189226731038	212
-0.0175902174126199	0.550484114851072	1968
-0.01406510425906	0.548397333153719	212
-0.0229578492434499	0.552861579278889	212
-0.0133214523362899	0.547881190959341	212
0.0197771674846401	1.02711534911104	69
-0.0175902174126199	0.550484114851072	7
-0.0161082304962099	0.548551675553127	7
-0.05063289843362	1.48156229262929	877
-0.10543564029091	1.22723185964552	4
-0.0229578492434499	0.552861579278889	212
0.0165448668291399	0.759410563089855	212
0.0718151226513599	1.92635663146859	4
-0.01684905918208	0.549966932484854	34
0.01747004335381	0.756663056048577	1257
0.01284008349584	0.760648448535067	1437
-0.01684905918208	0.549966932484854	6
0.0467061429526101	1.2943353914512	117
0.01778704217386	0.758349119765208	309
-0.10682609061524	1.22478164231161	1551
-0.01684905918208	0.549966932484854	212
0.0113416165699001	0.760002527897141	212
-0.0419541367482299	1.45466683309747	4
0.01475934706613	0.759537398828412	69
0.00819560269860009	0.762135663950305	34
-0.01833170548507	0.550474500519343	985
0.01568262168429	0.758873820806681	6
-0.01793915586182	0.550681864442582	877
-0.01867963642989	0.551199515777305	6
0.0333713736726899	1.01294603249708	75
-0.0226179329145799	0.552416088281882	6
0.0292991861709899	1.01833338602226	6
-0.0226179329145799	0.552416088281882	762
-0.10781399294324	1.22658290113529	8
-0.0612038294947601	2.07083400215951	8
-0.05996564237325	1.49567872065129	417
-0.10592159644062	1.90516196720511	309
-0.11464347259909	1.23567919171849	212
-0.10687175994753	1.22926627081488	212
-0.10781399294324	1.22658290113529	4
0.0168631287751999	0.757214073923297	69
-0.02187037799917	0.552145600192979	34
0.01778704217386	0.758349119765208	34
0.01747004335381	0.756663056048577	34
0.01315489757833	0.761843472172444	34
-0.10642265297753	1.22815760993745	7
0.01284008349584	0.760648448535067	7
0.0289651897913901	1.01934512892471	1437
-0.01867963642989	0.551199515777305	6
-0.1146832362576	1.23525495582863	6
-0.01684905918208	0.549966932484854	6
-0.0201615854936801	0.55033415003984	6
0.02903517183933	1.02204949492412	6
-0.0175902174126199	0.550484114851072	6
0.0410930053376499	1.29755140839128	42
-0.01834057120307	0.550050642444883	8
0.0165448668291399	0.759410563089855	4
0.02903517183933	1.02204949492412	72
0.0197050199579301	1.03000743070103	72
0.00292769744481003	0.763131319483396	212
-0.0229578492434499	0.552861579278889	34
-0.0175902174126199	0.550484114851072	34
0.0295431346428601	1.02123807492291	34
0.0172745237702401	1.02918682113373	34
0.00665901307583994	0.765261578783683	34
-0.103999842511	1.22103069457261	7
0.02736439524888	1.01885416116095	1437
0.01537580367915	0.759367033073816	6
-0.11415075407169	1.23435394455246	6
-0.01833170548507	0.550474500519343	6
-0.01833170548507	0.550474500519343	6
-0.0171990042076899	0.549264213163276	6
0.01809055511489	0.756301931943798	6
0.0165448668291399	0.759410563089855	6
-0.01684905918208	0.549966932484854	6
-0.0194204462082701	0.551189226731038	652
0.00512046256540999	0.763983990824277	652
-0.0278945660480401	1.71447828594522	8
0.0732350621973299	1.72459166852246	212
0.0171661011528299	0.75904802450482	212
0.07654148891386	1.71914138881036	69
-0.01867963642989	0.551199515777305	34
-0.01684905918208	0.549966932484854	34
0.0471041903760201	1.29032998007101	7
0.01748449744128	0.756105395003867	6
-0.0194204462082701	0.551189226731038	762
-0.02187037799917	0.552145600192979	2438
0.0103749316466599	0.762431636633961	8
-0.0229578492434499	0.552861579278889	8
-0.10697894799067	1.22634918401144	4
-0.10701915471612	1.22947620869318	212
-0.01684905918208	0.549966932484854	4975
-0.0226179329145799	0.552416088281882	75
0.0165448668291399	0.759410563089855	34
-0.01793915586182	0.550681864442582	34
-0.01834057120307	0.550050642444883	985
0.02565217044963	1.02488978075624	7
-0.01406510425906	0.548397333153719	229
-0.0161082304962099	0.548551675553127	6
-0.0175902174126199	0.550484114851072	6
-0.01833170548507	0.550474500519343	6
-0.0226179329145799	0.552416088281882	6
-0.01684905918208	0.549966932484854	6
0.0231004666979899	1.02477328446425	42
0.06302293125484	1.5218724604681	417
-0.0222113149496199	0.551599382638492	212
-0.01793915586182	0.550681864442582	212
-0.10736566006625	1.22951384544957	75
-0.0222113149496199	0.551599382638492	985
-0.01833170548507	0.550474500519343	6
-0.06131477237279	1.50097660790543	6
-0.02187037799917	0.552145600192979	3772
0.0207236956449399	1.02914632111417	309
-0.10298236168571	1.89664703096722	1551
0.01599197035305	0.758811048932772	212
-0.01867963642989	0.551199515777305	212
-0.05940666482341	1.49587648132531	212
-0.0229578492434499	0.552861579278889	212
-0.0233658235888801	0.551742344860982	212
0.03967188818365	1.30252951141442	69
-0.0175902174126199	0.550484114851072	2316
-0.0237047183471799	0.553131982412369	34
-0.0211231585375999	0.550885444723327	34
-0.0201615854936801	0.55033415003984	34
-0.05772326828248	2.05974936890553	7
-0.01833170548507	0.550474500519343	6
-0.0175902174126199	0.550484114851072	6
-0.0211231585375999	0.550885444723327	6
0.0122336098195099	0.760696390018375	6
-0.01834057120307	0.550050642444883	838
0.01561951040345	0.758273432029444	6
-0.0171990042076899	0.549264213163276	4930
0.04578594542952	1.29535446852714	417
-0.0161082304962099	0.548551675553127	1798
0.0149972602149799	0.758302386104218	4
-0.02187037799917	0.552145600192979	72
-0.01867963642989	0.551199515777305	212
-0.01833170548507	0.550474500519343	212
-0.01834057120307	0.550050642444883	75
0.0054247939732901	0.764072841218079	2316
-0.0226179329145799	0.552416088281882	34
-0.01406510425906	0.548397333153719	34
-0.01406510425906	0.548397333153719	229
-0.01833170548507	0.550474500519343	6
0.00665901307583994	0.765261578783683	6
-0.0175902174126199	0.550484114851072	2438
-0.0171990042076899	0.549264213163276	72
0.04006287392193	1.2987142537179	72
-0.0269256257472901	0.552956033505307	1089
0.0251436124525	1.02531786052478	212
0.01561951040345	0.758273432029444	212
0.01085040601571	1.0312521462251	212
-0.0211231585375999	0.550885444723327	69
-0.01684905918208	0.549966932484854	69
0.0237194574611801	1.02647944378184	75
-0.01867963642989	0.551199515777305	34
-0.01684905918208	0.549966932484854	7
0.0601685596757899	1.52658703461295	7
-0.01833170548507	0.550474500519343	2276
-0.0148090882885701	0.548389809404095	6
-0.0194204462082701	0.551189226731038	6
0.01315489757833	0.761843472172444	6
-0.01793915586182	0.550681864442582	4930
-0.0175902174126199	0.550484114851072	4930
-0.0133214523362899	0.547881190959341	2231
0.02186403423846	0.753221450651074	568
0.00819560269860009	0.762135663950305	5217
-0.0194204462082701	0.551189226731038	75
0.02280435656283	1.0244268012757	75
-0.01684905918208	0.549966932484854	34
0.0539894398588301	1.53696294915213	34
-0.0175902174126199	0.550484114851072	34
-0.01684905918208	0.549966932484854	985
0.0165448668291399	0.759410563089855	985
-0.01867963642989	0.551199515777305	2276
0.01284008349584	0.760648448535067	3532
0.0184076901328201	0.75723648157268	309
-0.0161082304962099	0.548551675553127	309
-0.0599602477440899	1.49702199754032	4
-0.0229578492434499	0.552861579278889	212
-0.01867963642989	0.551199515777305	212
-0.0182609134958101	2.39066082742434	212
-0.0133214523362899	0.547881190959341	34
-0.0175902174126199	0.550484114851072	34
-0.0237047183471799	0.553131982412369	420
0.0153015173100599	0.759056625172602	34
-0.02767965965745	0.552564085173501	7
-0.02015827646548	1.70859942656238	6
-0.0649644651535499	1.50628260073484	6
-0.0503001917769801	1.47219231704392	42
-0.02725743812157	0.552658014762978	4
0.0171661011528299	0.75904802450482	212
-0.0652105474544	2.07185136645003	5216
-0.09966574798447	1.21524025390375	5216
0.02124601983105	0.754324576611081	34
0.0233138877407	1.02438215085903	879
-0.0171990042076899	0.549264213163276	6
0.02524631072753	1.02519389960119	6
-0.01793915586182	0.550681864442582	652
-0.01833170548507	0.550474500519343	417
0.0319189158992099	1.01415139521001	4
-0.0516234571797001	1.48327793659578	1551
0.0251436124525	1.02531786052478	2534
-0.0222113149496199	0.551599382638492	212
-0.01684905918208	0.549966932484854	1198
-0.01793915586182	0.550681864442582	2476
0.0119175278396799	0.763411251497296	75
-0.0237047183471799	0.553131982412369	34
0.0116143427219699	0.761700246788856	34
-0.01833170548507	0.550474500519343	229
-0.0175902174126199	0.550484114851072	84
0.00246359485073011	1.89401941584757	6
-0.01793915586182	0.550681864442582	6
-0.02725743812157	0.552658014762978	6
0.04203047849513	1.29832878233286	6
-0.01867963642989	0.551199515777305	42
-0.024451922565	0.552456091331436	417
-0.11415075407169	1.23435394455246	1551
-0.01867963642989	0.551199515777305	212
0.0165448668291399	0.759410563089855	2534
-0.02725743812157	0.552658014762978	69
0.0193902290263399	0.755405479634455	2476
-0.0269256257472901	0.552956033505307	2520
0.0232101318426201	1.02609045528492	879
-0.01867963642989	0.551199515777305	6
-0.01833170548507	0.550474500519343	6
0.0333713736726899	1.01294603249708	2071
-0.01793915586182	0.550681864442582	417
-0.01867963642989	0.551199515777305	417
0.0078920702023999	0.764028740507937	1941
-0.01834057120307	0.550050642444883	2534
0.0456516756265299	1.28961571563528	2030
-0.02187037799917	0.552145600192979	290
-0.01406510425906	0.548397333153719	34
-0.01793915586182	0.550681864442582	34
-0.10785973143617	1.22931032174041	34
-0.0161082304962099	0.548551675553127	653
-0.01833170548507	0.550474500519343	229
0.01407599498447	0.759090320592301	6
-0.11220000069845	1.23105129983302	42
0.0193902290263399	0.755405479634455	417
-0.0194204462082701	0.551189226731038	417
-0.0194204462082701	0.551189226731038	417
-0.01684905918208	0.549966932484854	212
-0.10642265297753	1.22815760993745	212
0.0162281405764699	0.756314977892655	69
-0.0229578492434499	0.552861579278889	290
-0.01867963642989	0.551199515777305	290
0.02000911746325	0.755377623377746	34
-0.0585744887150601	1.49871363368601	34
-0.0201615854936801	0.55033415003984	229
0.01778704217386	0.758349119765208	652
0.0288944917640499	1.0191869890738	1551
0.0078920702023999	0.764028740507937	1089
0.0206277143186899	0.755017748186865	212
0.0156067490790199	0.755067526035538	810
-0.0215670090633699	1.71209612855651	1683
0.0261605415731001	1.02407684478155	4042
-0.0175902174126199	0.550484114851072	34
-0.10509181042738	1.2241254811725	34
-0.01793915586182	0.550681864442582	229
-0.10410848308442	1.22426867807859	879
0.01475934706613	0.759537398828412	879
-0.10069727401046	1.21429461602616	6
-0.0190735236970101	0.549621946077532	6
0.0207236956449399	1.02914632111417	6
-0.0194204462082701	0.551189226731038	6
0.0098072089666501	0.759388189042099	6
-0.01406510425906	0.548397333153719	4953
-0.02725743812157	0.552658014762978	4953
-0.10687175994753	1.22926627081488	417
0.081304552165	1.70905426123143	309
0.0255032173010299	1.02263591617007	1683
-0.01793915586182	0.550681864442582	1683
0.01660784732416	0.757812324223895	4042
0.01624146650967	0.757911091286895	290
-0.01867963642989	0.551199515777305	290
-0.0211231585375999	0.550885444723327	290
0.01285258494261	0.758773052262144	34
-0.01793915586182	0.550681864442582	34
0.0165448668291399	0.759410563089855	229
0.0116143427219699	0.761700246788856	229
-0.0171990042076899	0.549264213163276	879
0.0240478269531601	1.02603206736299	6
0.0264926282871201	1.01893060835897	6
-0.0175902174126199	0.550484114851072	4953
0.00757966586990011	0.762502085868347	4953
0.0859354944648401	1.89288873118001	309
-0.09542930587854	1.20695810956919	4
0.03082699011749	1.01653460397661	1551
0.0197590680728199	0.753469688900738	1683
-0.0977834051413	1.21302617074893	34
0.02124601983105	0.754324576611081	34
-0.0194204462082701	0.551189226731038	229
0.01129840522229	0.763582575492988	229
-0.01833170548507	0.550474500519343	7
-0.10736566006625	1.22951384544957	879
-0.0190735236970101	0.549621946077532	879
-0.10838136322609	1.22588445766798	758
0.04301931813585	1.29769079713268	758
-0.01793915586182	0.550681864442582	4953
-0.01406510425906	0.548397333153719	4953
-0.0226179329145799	0.552416088281882	1941
0.00819560269860009	0.762135663950305	212
-0.01793915586182	0.550681864442582	212
0.0109947834108299	0.762259539823454	1198
0.0125363585454501	0.762850768189531	290
-0.10312323187153	1.22519374103777	290
0.0257548876813101	1.02394917609879	34
-0.0672373009165701	1.50543207132912	34
0.0243323878386299	1.02314298573561	34
-0.10701915471612	1.22947620869318	34
0.0125363585454501	0.762850768189531	229
0.0215521815141499	0.754354654287299	879
-0.01793915586182	0.550681864442582	879
0.0249956636895301	1.02284941851027	6
0.0100592832961599	0.762134537788091	758
-0.01867963642989	0.551199515777305	758
-0.0190735236970101	0.549621946077532	6
0.01568262168429	0.758873820806681	6
0.01624146650967	0.757911091286895	6
-0.024451922565	0.552456091331436	4953
-0.0175902174126199	0.550484114851072	1883
-0.02187037799917	0.552145600192979	417
0.0712885292696499	1.72364797809693	4
-0.0175902174126199	0.550484114851072	4
0.01284008349584	0.760648448535067	212
0.01315489757833	0.761843472172444	212
-0.02187037799917	0.552145600192979	1683
-0.10267241921992	1.22106136525807	69
0.00191248045628001	1.8990080811614	34
0.01592333896194	0.759438031046279	229
-0.0175908297052101	0.54879582421027	879
0.0171661011528299	0.75904802450482	879
0.03928165395367	1.30007769626044	6
0.00573816335918997	0.764108055072956	6
-0.0175902174126199	0.550484114851072	1883
-0.0226179329145799	0.552416088281882	1883
0.0116143427219699	0.761700246788856	417
0.0269599974643699	1.01733302165009	4
0.0608117826204599	1.53020105344503	212
0.0171661011528299	0.75904802450482	69
-0.0175902174126199	0.550484114851072	34
-0.0237047183471799	0.553131982412369	653
0.02524631072753	1.02519389960119	653
0.0231004666979899	1.02477328446425	229
0.01809055511489	0.756301931943798	229
0.0187578618194499	1.02797516750758	879
-0.01793915586182	0.550681864442582	879
-0.01834057120307	0.550050642444883	2971
-0.0226179329145799	0.552416088281882	6
0.01284008349584	0.760648448535067	6
-0.02187037799917	0.552145600192979	1671
-0.01867963642989	0.551199515777305	1671
0.01778704217386	0.758349119765208	652
-0.0229578492434499	0.552861579278889	1883
-0.01406510425906	0.548397333153719	417
0.0103749316466599	0.762431636633961	3131
-0.0133214523362899	0.547881190959341	212
0.0165448668291399	0.759410563089855	1198
0.00727568676764001	0.764893675986884	4042
-0.01684905918208	0.549966932484854	69
-0.0229578492434499	0.552861579278889	2030
-0.0161082304962099	0.548551675553127	34
-0.02187037799917	0.552145600192979	34
-0.01684905918208	0.549966932484854	653
0.0143747157024601	0.757924517569841	229
-0.0175902174126199	0.550484114851072	1671
0.0759695018232001	1.71577058590063	309
0.00446583644601994	1.89357509477779	4
0.01315489757833	0.761843472172444	4
0.03868028843521	1.30316807911405	4
0.01561951040345	0.758273432029444	2264
-0.02187037799917	0.552145600192979	69
-0.01834057120307	0.550050642444883	290
-0.0211231585375999	0.550885444723327	238
-0.01867963642989	0.551199515777305	34
-0.0978050040276299	1.88708280172087	34
-0.02415026402579	0.550475389646869	653
-0.01833170548507	0.550474500519343	229
-0.0194204462082701	0.551189226731038	229
0.00415502919734001	0.760803634265372	229
-0.01833170548507	0.550474500519343	229
-0.0175902174126199	0.550484114851072	704
-0.0175902174126199	0.550484114851072	417
-0.01684905918208	0.549966932484854	785
0.0247375467851501	1.02600797208634	785
0.0915757301042299	2.22258916711479	785
0.00727568676764001	0.764893675986884	212
-0.02801043708842	0.553669292297474	810
-0.01834057120307	0.550050642444883	4393
-0.02138331882075	1.70801924869498	69
-0.0171990042076899	0.549264213163276	34
-0.01793915586182	0.550681864442582	34
-0.02725743812157	0.552658014762978	34
-0.01257813221999	0.546472227688933	229
-0.024451922565	0.552456091331436	229
-0.0237047183471799	0.553131982412369	879
0.0648806065518199	1.51473473100463	6
0.0584103486621701	1.26198926982141	6
-0.02767965965745	0.552564085173501	4372
-0.0190735236970101	0.549621946077532	4372
-0.0226179329145799	0.552416088281882	417
0.0247375467851501	1.02600797208634	785
0.04539052885724	1.29167269572123	309
-0.0175902174126199	0.550484114851072	212
-0.0261719333284201	0.551946229427137	212
-0.0175902174126199	0.550484114851072	2716
-0.01867963642989	0.551199515777305	1198
0.0443344146606	1.28980542257931	69
-0.01833170548507	0.550474500519343	238
-0.01867963642989	0.551199515777305	34
-0.0229578492434499	0.552861579278889	229
-0.02876377688911	0.553275796031429	229
-0.0226179329145799	0.552416088281882	879
-0.01867963642989	0.551199515777305	879
0.01475934706613	0.759537398828412	2615
-0.02187037799917	0.552145600192979	1671
0.0184076901328201	0.75723648157268	3131
-0.01867963642989	0.551199515777305	1198
0.0382191407103301	1.30367963989812	69
-0.0269256257472901	0.552956033505307	290
0.0730416336511199	1.72144100346096	34
-0.01793915586182	0.550681864442582	653
0.0569456484869499	1.53403667437313	6
-0.01867963642989	0.551199515777305	2209
-0.01257813221999	0.546472227688933	417
0.0119175278396799	0.763411251497296	417
-0.0576726913511101	1.49762912413729	212
-0.08677145507702	1.85399869617351	1683
0.06231827879477	1.52129309105422	69
-0.01833170548507	0.550474500519343	34
-0.0190906504648001	0.550321617620206	34
0.0215521815141499	0.754354654287299	653
-0.01867963642989	0.551199515777305	653
-0.0237047183471799	0.553131982412369	229
-0.02187037799917	0.552145600192979	1374
-0.01684905918208	0.549966932484854	1374
-0.0229578492434499	0.552861579278889	879
-0.0237047183471799	0.553131982412369	879
0.0119175278396799	0.763411251497296	879
-0.01867963642989	0.551199515777305	6
-0.01833170548507	0.550474500519343	6
0.00548657232761007	0.761844560564074	6
0.04348018787107	1.29697472334135	6
-0.01867963642989	0.551199515777305	6
-0.01833170548507	0.550474500519343	652
-0.0226179329145799	0.552416088281882	2209
0.08758150808365	2.06241673152578	212
0.02079574236056	1.02431950407238	212
0.02759938963771	1.01878186129477	2716
0.0122607480333199	0.759343175819905	840
0.02360865444033	1.02455937999603	1683
0.01407599498447	0.759090320592301	69
0.0345206198815899	1.011622420862	653
-0.0201615854936801	0.55033415003984	652
0.03269391507925	1.0134708996962	42
-0.0237047183471799	0.553131982412369	42
0.01537580367915	0.759367033073816	568
0.01752892429819	0.757151099994971	417
0.0122336098195099	0.760696390018375	212
-0.0133214523362899	0.547881190959341	2716
-0.01833170548507	0.550474500519343	685
-0.01406510425906	0.548397333153719	69
-0.01793915586182	0.550681864442582	2496
-0.0194204462082701	0.551189226731038	34
-0.02767965965745	0.552564085173501	290
-0.01867963642989	0.551199515777305	238
-0.02187037799917	0.552145600192979	238
0.0171661011528299	0.75904802450482	563
-0.0201615854936801	0.55033415003984	653
-0.0171990042076899	0.549264213163276	653
0.00913434980014993	0.760994157506224	7
0.00727568676764001	0.764893675986884	1374
-0.0194204462082701	0.551189226731038	1374
-0.0226179329145799	0.552416088281882	879
-0.0233936745368599	0.550862796636914	42
-0.0175902174126199	0.550484114851072	42
0.0165448668291399	0.759410563089855	2209
-0.0237047183471799	0.553131982412369	417
-0.01406510425906	0.548397333153719	1072
-0.0190735236970101	0.549621946077532	309
-0.01684905918208	0.549966932484854	309
0.01160300652547	0.7605521945031	212
-0.01684905918208	0.549966932484854	1796
-0.01793915586182	0.550681864442582	34
0.01815157645299	0.753781153387104	34
-0.0237047183471799	0.553131982412369	4367
-0.0194204462082701	0.551189226731038	7
-0.01833170548507	0.550474500519343	6
0.0358063965961399	1.30525814610233	309
-0.10312323187153	1.22519374103777	212
0.01853269669075	0.753375864356607	1796
-0.01257813221999	0.546472227688933	69
0.0119175278396799	0.763411251497296	1683
0.04295248141019	1.29647426623786	69
0.0163423050884799	0.752335974377768	290
-0.0237047183471799	0.553131982412369	238
0.0206277143186899	0.755017748186865	34
-0.0252801469958299	1.71828649087421	34
0.0162983452085099	0.758703814770182	1374
-0.0161082304962099	0.548551675553127	1121
0.0284906974608501	1.01657017770885	785
0.01752892429819	0.757151099994971	238
-0.1049858966867	1.22282536708897	34
-0.0190906504648001	0.550321617620206	653
-0.0175902174126199	0.550484114851072	1374
-0.0194204462082701	0.551189226731038	6
-0.024451922565	0.552456091331436	6
-0.0229578492434499	0.552861579278889	767
-0.01867963642989	0.551199515777305	767
-0.0194204462082701	0.551189226731038	652
-0.0133214523362899	0.547881190959341	1072
0.0165448668291399	0.759410563089855	785
-0.0229578492434499	0.552861579278889	309
-0.01793915586182	0.550681864442582	212
-0.01257813221999	0.546472227688933	2716
-0.0194204462082701	0.551189226731038	1796
0.0020050876903599	0.765882049063241	34
0.0607395940593301	1.52684780016953	34
-0.02187037799917	0.552145600192979	7
-0.01793915586182	0.550681864442582	212
0.0231004666979899	1.02477328446425	685
0.0168631287751999	0.757214073923297	34
-0.02187037799917	0.552145600192979	238
-0.02187037799917	0.552145600192979	6
-0.01867963642989	0.551199515777305	2382
-0.0194204462082701	0.551189226731038	2382
-0.02187037799917	0.552145600192979	785
-0.0237047183471799	0.553131982412369	3496
0.0321857641482	1.01406258130427	6
-0.01833170548507	0.550474500519343	840
-0.0211231585375999	0.550885444723327	5218
-0.10615993800292	1.21812383275169	69
0.0225920969098901	1.02452759161383	69
0.01809055511489	0.756301931943798	653
-0.0175902174126199	0.550484114851072	3691
-0.0229578492434499	0.552861579278889	1374
0.0969278132993101	2.04587356093297	2615
-0.0229578492434499	0.552861579278889	309
0.0262632777646901	1.02213753280875	4
-0.01834057120307	0.550050642444883	1492
-0.0550059689860001	1.48859500913252	34
0.0515187563486601	1.28375885447008	34
-0.0190906504648001	0.550321617620206	322
0.0275101920691501	1.02213316065254	322
-0.0222113149496199	0.551599382638492	4268
-0.02187037799917	0.552145600192979	417
-0.0237047183471799	0.553131982412369	309
0.01129840522229	0.763582575492988	309
-0.11415075407169	1.23435394455246	685
0.0670336317842499	1.51781742770223	69
0.0172234348284701	0.755897918154574	34
-0.01867963642989	0.551199515777305	238
-0.0233658235888801	0.551742344860982	1374
-0.0237047183471799	0.553131982412369	653
-0.0226179329145799	0.552416088281882	4911
-0.01867963642989	0.551199515777305	568
-0.01793915586182	0.550681864442582	2762
-0.0211231585375999	0.550885444723327	309
0.0247375467851501	1.02600797208634	563
-0.0237047183471799	0.553131982412369	322
0.0647358925094601	1.73750584948066	6
-0.0208452905347001	1.6851446513113	1200
0.0162983452085099	0.758703814770182	4911
-0.02801043708842	0.553669292297474	42
-0.01867963642989	0.551199515777305	685
-0.0133214523362899	0.547881190959341	322
-0.01793915586182	0.550681864442582	69
0.0247375467851501	1.02600797208634	34
0.0424258366958401	1.29217654083572	309
0.04006287392193	1.2987142537179	309
0.01315489757833	0.761843472172444	212
-0.01793915586182	0.550681864442582	212
0.0820074592498801	2.07490927819267	1651
0.0215521815141499	0.754354654287299	1145
-0.0229578492434499	0.552861579278889	772
0.08791276937236	2.24143509558886	6
0.0216707063216399	1.02799533706952	42
0.040096319151	1.30253497771757	42
0.03269391507925	1.0134708996962	212
-0.09724724547188	1.2143453155925	685
-0.02801043708842	0.553669292297474	34
-0.0222113149496199	0.551599382638492	3894
-0.0175902174126199	0.550484114851072	238
-0.02187037799917	0.552145600192979	1669
-0.01793915586182	0.550681864442582	1669
-0.01867963642989	0.551199515777305	1544
-0.0171990042076899	0.549264213163276	772
-0.0237047183471799	0.553131982412369	772
-0.01833170548507	0.550474500519343	2422
0.02565217044963	1.02488978075624	322
-0.02767965965745	0.552564085173501	767
0.01285258494261	0.758773052262144	214
0.0341146906365399	1.01378875669284	568
-0.0222113149496199	0.551599382638492	309
0.0251436124525	1.02531786052478	42
-0.0199896485640401	1.70203311944893	212
0.01778704217386	0.758349119765208	212
-0.0229578492434499	0.552861579278889	1681
-0.0155534047254999	0.547544421448577	69
-0.01867963642989	0.551199515777305	34
-0.01833170548507	0.550474500519343	34
-0.02187037799917	0.552145600192979	34
0.0237194574611801	1.02647944378184	34
0.01752892429819	0.757151099994971	1717
-0.02415026402579	0.550475389646869	772
-0.0237047183471799	0.553131982412369	2422
-0.11174962875569	1.23372500731558	6
0.00609874801202004	0.761178747505697	6
0.01809055511489	0.756301931943798	2615
-0.01833170548507	0.550474500519343	379
0.0336071167225001	1.01473130594953	212
0.02838464729894	1.01944578877465	212
-0.0226179329145799	0.552416088281882	212
0.0168492385878301	0.756691810281742	1890
-0.0175902174126199	0.550484114851072	69
0.00975478718977008	0.762163263594681	1681
-0.01684905918208	0.549966932484854	69
-0.0233936745368599	0.550862796636914	34
0.0116143427219699	0.761700246788856	238
0.01778704217386	0.758349119765208	1669
0.0221697618930301	0.75366238476359	1544
-0.0171990042076899	0.549264213163276	6
-0.0211231585375999	0.550885444723327	758
-0.01833170548507	0.550474500519343	460
-0.02187037799917	0.552145600192979	214
-0.01793915586182	0.550681864442582	214
0.0242285957358399	1.02643660961203	4
-0.0194204462082701	0.551189226731038	4
-0.0211231585375999	0.550885444723327	212
-0.0201615854936801	0.55033415003984	212
-0.0194204462082701	0.551189226731038	34
0.0278746151668801	1.01935273753289	34
0.0434132685673001	1.29487367262701	4112
-0.0233658235888801	0.551742344860982	4112
0.00609874801202004	0.761178747505697	563
-0.02187037799917	0.552145600192979	3263
-0.11139638581018	1.23238875476122	460
-0.0226179329145799	0.552416088281882	214
-0.01793915586182	0.550681864442582	212
-0.01793915586182	0.550681864442582	2448
-0.0237047183471799	0.553131982412369	3263
0.0122216908150199	0.760819889603963	772
-0.0133214523362899	0.547881190959341	772
-0.01867963642989	0.551199515777305	460
0.01752892429819	0.757151099994971	460
0.0651244822426	1.51509939177742	34
-0.0171990042076899	0.549264213163276	34
-0.0175908297052101	0.54879582421027	34
-0.11576193008547	1.23411606584823	331
-0.01684905918208	0.549966932484854	3263
-0.0229578492434499	0.552861579278889	3718
-0.02187037799917	0.552145600192979	212
-0.0229578492434499	0.552861579278889	69
-0.0229578492434499	0.552861579278889	34
-0.0229578492434499	0.552861579278889	412
-0.02802949735433	1.71822899086341	6
0.08829085159426	2.07363709417567	6
-0.01793915586182	0.550681864442582	1511
-0.0133214523362899	0.547881190959341	42
-0.05815865362892	1.4944459738692	4
-0.01406510425906	0.548397333153719	1890
-0.02725743812157	0.552658014762978	69
0.02186403423846	0.753221450651074	34
0.00697269206835993	0.76287814744911	1651
0.03810536620665	1.30192771767347	6
-0.0320978770684901	2.22244051254701	6
0.00666320799774001	1.8924819801821	212
0.0168631287751999	0.757214073923297	212
0.02565217044963	1.02488978075624	212
0.0116143427219699	0.761700246788856	212
-0.01793915586182	0.550681864442582	69
-0.01684905918208	0.549966932484854	3988
-0.01793915586182	0.550681864442582	248
0.11163106672356	2.47944423364806	4112
-0.0194204462082701	0.551189226731038	7
-0.01406510425906	0.548397333153719	772
-0.02187037799917	0.552145600192979	772
-0.0175902174126199	0.550484114851072	772
-0.10010118722248	1.21356808369212	460
-0.02187037799917	0.552145600192979	34
-0.01793915586182	0.550681864442582	248
-0.01684905918208	0.549966932484854	4112
0.02747041865544	1.01742344098921	1651
-0.01867963642989	0.551199515777305	772
0.01720587383702	1.0305400611968	6
-0.01684905918208	0.549966932484854	214
0.0184076901328201	0.75723648157268	69
-0.0194204462082701	0.551189226731038	69
-0.11460266636891	1.22959093231746	34
0.00108688070366991	0.764731344103769	34
-0.0222113149496199	0.551599382638492	1669
-0.0161082304962099	0.548551675553127	653
0.01129840522229	0.763582575492988	772
-0.01833170548507	0.550474500519343	772
-0.06451371948126	1.50543823131468	2615
-0.0223269666707799	1.70812748495583	212
0.00108688070366991	0.764731344103769	4167
-0.10785973143617	1.22931032174041	34
0.02707268742751	1.02127154106247	34
-0.10357313583767	1.22324310256577	34
-0.0175902174126199	0.550484114851072	1669
-0.02187037799917	0.552145600192979	1518
0.0641777701081101	1.52415231824653	4112
0.01011394338886	0.761225303770816	4112
0.0305585152502299	1.01819254520845	563
0.0119175278396799	0.763411251497296	772
0.0247375467851501	1.02600797208634	6
0.01315489757833	0.761843472172444	686
-0.0211231585375999	0.550885444723327	460
-0.01684905918208	0.549966932484854	214
-0.02818517413481	1.72033047061447	212
0.00665901307583994	0.765261578783683	212
0.0122336098195099	0.760696390018375	34
0.06475389935988	1.52381554643228	563
-0.05300342570481	1.4895008323148	331
0.0243323878386299	1.02314298573561	331
0.0162983452085099	0.758703814770182	331
-0.0211231585375999	0.550885444723327	3263
0.00757966586990011	0.762502085868347	7
-0.01684905918208	0.549966932484854	772
-0.1003903930806	1.89389761028371	772
0.0757997776177	1.70530574673943	772
0.01624146650967	0.757911091286895	6
-0.10410848308442	1.22426867807859	686
0.0168631287751999	0.757214073923297	214
-0.0237047183471799	0.553131982412369	689
-0.0106572197074699	1.68347430132341	4
-0.01793915586182	0.550681864442582	212
-0.01833170548507	0.550474500519343	212
-0.0614157150946699	1.49956046212795	212
-0.0233936745368599	0.550862796636914	2102
0.04013268749346	1.30156222765423	34
-0.0222113149496199	0.551599382638492	248
-0.05523316788422	1.48574576814984	4112
0.0706643692650399	1.72834230609448	1651
-0.01684905918208	0.549966932484854	689
-0.02801043708842	0.553669292297474	214
0.0482305755860299	1.28583375307106	212
0.02658181513517	1.02082609383453	212
-0.0237047183471799	0.553131982412369	212
-0.01793915586182	0.550681864442582	69
-0.01793915586182	0.550681864442582	34
0.06890776087305	1.72988621751929	34
-0.01867963642989	0.551199515777305	34
-0.0237047183471799	0.553131982412369	1518
-0.01834057120307	0.550050642444883	42
0.03488440923481	1.30730554279099	42
-0.01257813221999	0.546472227688933	1518
0.06484216259665	1.51539388253248	563
-0.0666912885330999	1.50489580024569	343
-0.0211231585375999	0.550885444723327	772
-0.01406510425906	0.548397333153719	460
-0.0175902174126199	0.550484114851072	3418
-0.0194204462082701	0.551189226731038	1044
0.0122336098195099	0.760696390018375	34
-0.0237047183471799	0.553131982412369	248
-0.0222113149496199	0.551599382638492	1651
0.01194682618832	2.08892910318309	1651
-0.0175902174126199	0.550484114851072	3263
0.06526923088863	1.5150117605626	42
0.0482305755860299	1.28583375307106	42
0.01778704217386	0.758349119765208	42
0.0221697618930301	0.75366238476359	212
0.01720587383702	1.0305400611968	212
0.01537580367915	0.759367033073816	212
-0.01867963642989	0.551199515777305	1044
-0.10193522163418	1.21428155661285	34
-0.0237047183471799	0.553131982412369	563
-0.01406510425906	0.548397333153719	331
-0.01867963642989	0.551199515777305	686
0.0524378277481801	1.28077075638946	34
0.02021444911343	1.02979291111824	34
0.0168631287751999	0.757214073923297	34
0.02000911746325	0.755377623377746	34
0.0171661011528299	0.75904802450482	563
-0.024451922565	0.552456091331436	7
-0.0222113149496199	0.551599382638492	343
-0.01867963642989	0.551199515777305	343
-0.01867963642989	0.551199515777305	772
-0.0229578492434499	0.552861579278889	2275
-0.01684905918208	0.549966932484854	214
-0.02187037799917	0.552145600192979	212
0.0402035555561699	1.30045684524222	212
-0.1045685839758	1.90410999150244	3418
-0.05707685977716	1.49234590023668	69
-0.0646798207575501	1.4976004142983	34
-0.11617507920435	2.21133734632475	563
0.0232101318426201	1.02609045528492	772
0.0501390824757799	1.28528280819947	772
0.00136265357332999	1.89456350672932	772
0.0287895434765	1.01824056659765	212
-0.01793915586182	0.550681864442582	212
-0.05608316339896	1.48572913671647	34
0.0382191407103301	1.30367963989812	331
-0.0992176667953899	1.21698962793166	686
-0.02187037799917	0.552145600192979	212
-0.0233658235888801	0.551742344860982	212
0.0167659187731699	1.03074837815194	212
0.06224292607246	1.52728475969609	4799
0.0260727544639401	1.02125353041721	34
0.05202643499072	1.54236581056827	563
0.0278746151668801	1.01935273753289	7
-0.0586101960229299	1.49544515552146	343
-0.10741034996522	1.2272323315412	686
-0.0211231585375999	0.550885444723327	460
-0.10588447305452	1.22745785777559	214
-0.01406510425906	0.548397333153719	214
-0.01834057120307	0.550050642444883	212
-0.11076264740338	1.2332872822926	34
0.01778704217386	0.758349119765208	343
-0.0175902174126199	0.550484114851072	918
0.02021444911343	1.02979291111824	214
0.0063555731143099	0.763740367668568	42
0.06560558622229	1.52224991629661	34
-0.01867963642989	0.551199515777305	2275
-0.10785973143617	1.22931032174041	460
-0.0175908297052101	0.54879582421027	212
-0.01834057120307	0.550050642444883	563
0.00697269206835993	0.76287814744911	331
-0.0226179329145799	0.552416088281882	343
0.02524631072753	1.02519389960119	212
-0.02187037799917	0.552145600192979	42
-0.01793915586182	0.550681864442582	212
-0.0133214523362899	0.547881190959341	34
-0.0175902174126199	0.550484114851072	343
-0.01793915586182	0.550681864442582	918
-0.01833170548507	0.550474500519343	918
-0.10396026957807	1.22097639020565	214
-0.0229578492434499	0.552861579278889	212
-0.02801043708842	0.553669292297474	212
0.01315489757833	0.761843472172444	4799
0.0288944917640499	1.0191869890738	563
0.08684705322628	1.68806640827097	343
-0.0175902174126199	0.550484114851072	343
-0.01793915586182	0.550681864442582	460
-0.01867963642989	0.551199515777305	460
0.0215521815141499	0.754354654287299	212
-0.02725743812157	0.552658014762978	4067
-0.0175902174126199	0.550484114851072	17
0.07698040538202	1.71685798376588	17
-0.01684905918208	0.549966932484854	1474
0.0227870517039901	0.75256059627571	34
-0.07012235727818	2.08054509208964	305
0.0738230781965601	1.7233861132493	343
-0.0175902174126199	0.550484114851072	4920
-0.0977395952190401	1.2156094664062	214
-0.01684905918208	0.549966932484854	214
-0.0237047183471799	0.553131982412369	212
0.0063555731143099	0.763740367668568	212
0.0169137793345999	0.758148594472621	34
0.0171661011528299	0.75904802450482	34
-0.02187037799917	0.552145600192979	331
0.0165448668291399	0.759410563089855	1272
-0.0161082304962099	0.548551675553127	343
-0.10659789548362	1.90249406281287	343
-0.01684905918208	0.549966932484854	4920
-0.0233658235888801	0.551742344860982	34
0.01072792411642	0.760860178991134	331
0.0215521815141499	0.754354654287299	460
-0.0183345299381099	1.69973664937967	214
0.00573816335918997	0.764108055072956	212
-0.02187037799917	0.552145600192979	212
-0.0323377680085399	0.553061660492431	17
-0.0211231585375999	0.550885444723327	214
-0.0190735236970101	0.549621946077532	462
-0.0148090882885701	0.548389809404095	17
-0.0194204462082701	0.551189226731038	4799
-0.01833170548507	0.550474500519343	1191
-0.0237047183471799	0.553131982412369	2388
-0.01867963642989	0.551199515777305	331
-0.0194204462082701	0.551189226731038	331
-0.11851368108251	1.23687811025515	1549
-0.0222113149496199	0.551599382638492	214
-0.0133214523362899	0.547881190959341	212
-0.0226179329145799	0.552416088281882	462
-0.0194204462082701	0.551189226731038	4799
-0.0175902174126199	0.550484114851072	2388
0.0171661011528299	0.75904802450482	331
-0.01867963642989	0.551199515777305	331
-0.01833170548507	0.550474500519343	331
-0.0133214523362899	0.547881190959341	1549
0.0335056952552	1.0124697724784	214
-0.05707685977716	1.49234590023668	214
0.03502780297054	1.01068446567723	42
0.0542937477794101	1.53593821825504	435
-0.0148090882885701	0.548389809404095	462
-0.02187037799917	0.552145600192979	17
-0.10164663295618	1.22314642766214	212
0.0221697618930301	0.75366238476359	34
-0.0226179329145799	0.552416088281882	2388
0.0000292608425700447	1.89271466423134	305
-0.024451922565	0.552456091331436	331
0.0818898277282401	1.70615575546609	343
0.0313358837825299	1.01518563757739	214
0.0211617750113899	1.02864109830435	214
0.02557089435737	1.02407049959421	214
-0.0237047183471799	0.553131982412369	462
0.03535296239998	2.22342576201944	343
-0.02187037799917	0.552145600192979	214
-0.0211231585375999	0.550885444723327	214
-0.02370455438621	1.71227909719136	214
0.02093431032988	0.754713979888223	214
0.01747004335381	0.756663056048577	212
-0.01867963642989	0.551199515777305	2903
0.07164087293105	1.9221520711063	34
-0.01684905918208	0.549966932484854	331
-0.0233936745368599	0.550862796636914	1549
0.0832524055413899	1.69640779727077	343
-0.0492816747779199	1.47931177989372	343
-0.0175902174126199	0.550484114851072	462
-0.0211231585375999	0.550885444723327	34
-0.0614157150946699	1.49956046212795	331
0.0453954849173599	1.28996595561158	343
-0.0133214523362899	0.547881190959341	214
-0.0138846336590599	1.69347101030357	212
0.01778704217386	0.758349119765208	462
-0.01867963642989	0.551199515777305	17
0.01660784732416	0.757812324223895	331
-0.01834057120307	0.550050642444883	1549
-0.0169965141044199	1.69943877018462	343
0.0215521815141499	0.754354654287299	1987
-0.0229578492434499	0.552861579278889	435
0.02736439524888	1.01885416116095	331
-0.01867963642989	0.551199515777305	462
-0.03496699480667	2.23326192748587	331
0.0141426002774301	0.759269078836586	1549
0.03533766140644	2.23209989147538	343
-0.01684905918208	0.549966932484854	214
-0.10391222463261	1.21860517740386	214
0.0240478269531601	1.02603206736299	17
0.0579318501892301	1.526498933009	34
-0.0627847030006301	1.50035324034654	34
-0.0171990042076899	0.549264213163276	34
-0.01406510425906	0.548397333153719	460
0.0463161465911499	1.29370483543257	214
-0.0149235816568301	1.68686808241995	212
-0.0226179329145799	0.552416088281882	214
-0.02187037799917	0.552145600192979	214
0.03167742652598	1.01432019259359	212
-0.0935061934517001	1.20478718384038	34
-0.04389837448572	2.25284672787064	34
-0.10406581548053	1.22348985171652	34
0.0113416165699001	0.760002527897141	331
-0.0202412754097501	1.70506448414798	331
0.0288944917640499	1.0191869890738	331
0.00512046256540999	0.763983990824277	331
0.0168631287751999	0.757214073923297	343
-0.0269256257472901	0.552956033505307	343
-0.01684905918208	0.549966932484854	214
-0.0175902174126199	0.550484114851072	214
-0.02187037799917	0.552145600192979	462
-0.10267241921992	1.22106136525807	34
-0.01867963642989	0.551199515777305	342
-0.0237047183471799	0.553131982412369	460
0.01129840522229	0.763582575492988	214
-0.02187037799917	0.552145600192979	214
-0.0190906504648001	0.550321617620206	212
-0.0229578492434499	0.552861579278889	212
-0.02187037799917	0.552145600192979	4638
0.00697269206835993	0.76287814744911	34
-0.01867963642989	0.551199515777305	1742
0.0203161481024601	0.754741636107711	214
0.0171661011528299	0.75904802450482	214
0.02463486746352	1.02536071648027	214
-0.01867963642989	0.551199515777305	214
-0.01793915586182	0.550681864442582	212
-0.01406510425906	0.548397333153719	677
-0.0226179329145799	0.552416088281882	1742
0.0353979228105601	1.00731902230489	214
-0.0194204462082701	0.551189226731038	214
0.03123197899803	1.01347579477118	214
-0.10247714592743	1.2207878097138	214
-0.0133214523362899	0.547881190959341	462
-0.0229578492434499	0.552861579278889	677
-0.0226179329145799	0.552416088281882	3098
-0.0175902174126199	0.550484114851072	343
-0.01833170548507	0.550474500519343	214
0.0078920702023999	0.764028740507937	742
-0.0175902174126199	0.550484114851072	742
-0.0237047183471799	0.553131982412369	212
-0.0194204462082701	0.551189226731038	212
-0.01684905918208	0.549966932484854	677
-0.01684905918208	0.549966932484854	305
0.0206277143186899	0.755017748186865	343
-0.0222113149496199	0.551599382638492	214
-0.11220000069845	1.23105129983302	214
-0.01833170548507	0.550474500519343	1985
-0.0194204462082701	0.551189226731038	2044
0.0391412931614299	1.30220065863749	214
-0.01793915586182	0.550681864442582	214
0.00975478718977008	0.762163263594681	742
0.0110345544285599	0.760564294836467	742
-0.0222113149496199	0.551599382638492	677
0.01129840522229	0.763582575492988	34
-0.01833170548507	0.550474500519343	1742
-0.0604469568392301	2.05870329245667	331
-0.0171990042076899	0.549264213163276	342
-0.0226179329145799	0.552416088281882	742
-0.01793915586182	0.550681864442582	677
-0.01867963642989	0.551199515777305	34
-0.01793915586182	0.550681864442582	34
-0.0194204462082701	0.551189226731038	1742
-0.01406510425906	0.548397333153719	856
-0.0133214523362899	0.547881190959341	1429
-0.0175902174126199	0.550484114851072	742
-0.0229578492434499	0.552861579278889	17
0.01624146650967	0.757911091286895	34
-0.01793915586182	0.550681864442582	5
0.0771760305270099	1.70741395316036	331
0.02079574236056	1.02431950407238	343
0.0288944917640499	1.0191869890738	214
0.01475934706613	0.759537398828412	214
-0.01406510425906	0.548397333153719	462
0.0063555731143099	0.763740367668568	214
-0.01867963642989	0.551199515777305	1429
0.0119175278396799	0.763411251497296	212
-0.0229578492434499	0.552861579278889	34
0.0221697618930301	0.75366238476359	331
0.01512102378767	0.754962190486718	214
-0.0688536777247799	2.08264093159822	214
-0.01793915586182	0.550681864442582	212
-0.01793915586182	0.550681864442582	212
0.0247375467851501	1.02600797208634	2957
0.0429684522288201	1.29895072206978	1742
0.00467297734553007	1.89196399737777	331
0.0606589917029301	1.53087882486079	661
0.04064640147934	1.29793301700999	1429
0.02455569779431	1.0258187286238	214
-0.01867963642989	0.551199515777305	214
-0.0194204462082701	0.551189226731038	212
-0.10198311400129	1.21993634723184	34
-0.01684905918208	0.549966932484854	214
0.0355348000666	1.0093465373946	214
0.0184076901328201	0.75723648157268	212
-0.01867963642989	0.551199515777305	343
-0.0194204462082701	0.551189226731038	343
-0.0175902174126199	0.550484114851072	343
0.01592333896194	0.759438031046279	343
0.00727568676764001	0.764893675986884	1403
0.08275927522543	1.90069156767412	1429
0.0519783631163	1.28248353649381	212
0.01624146650967	0.757911091286895	212
-0.02725743812157	0.552658014762978	212
-0.02187037799917	0.552145600192979	34
0.0439409147969501	1.29583656317881	331
0.06166331617975	1.52996566080596	343
-0.05951369032498	1.49607407490953	741
0.03031790937288	1.01748007495024	214
0.00757966586990011	0.762502085868347	214
-0.0222113149496199	0.551599382638492	331
-0.02883255212734	1.7231676130671	343
0.061022577376	1.52416931146776	367
0.0284906974608501	1.01657017770885	661
-0.0194204462082701	0.551189226731038	1429
-0.0226179329145799	0.552416088281882	1429
0.01284008349584	0.760648448535067	367
-0.0297594698460799	1.71597793659903	212
0.04203047849513	1.29832878233286	331
0.0225920969098901	1.02452759161383	343
0.0620889010339001	1.52916660101846	661
-0.0605127137208099	1.49517189395544	1429
0.00830664143244997	1.03296975326114	1429
0.01624146650967	0.757911091286895	214
0.0405810189669	1.29592263580089	212
0.02124601983105	0.754324576611081	34
0.01871077411124	0.755607155160683	305
0.08508752751978	1.89972012716107	331
0.000929192754729913	1.90615997085966	343
0.06512266696867	1.74082568570144	661
-0.10838136322609	1.22588445766798	661
-0.06131477237279	1.50097660790543	1429
0.0708532399983799	1.73267619248593	1429
0.0215521815141499	0.754354654287299	214
0.0242285957358399	1.02643660961203	212
-0.0723395577577901	1.51176484322217	212
0.0511767294665499	1.54292140393874	34
-0.10263749926747	1.89857328109483	34
0.09191001409085	1.87457505866379	1742
0.06247257680841	1.52384946596498	343
0.02991361816884	1.01764457331484	1429
-0.10932562119465	1.23097820784758	1429
0.0203161481024601	0.754741636107711	212
0.031099371791	1.30905837433775	34
0.0135255630761699	0.7581036501011	34
0.01809055511489	0.756301931943798	34
0.0367525523697601	1.00359456196321	367
0.0288944917640499	1.0191869890738	367
0.00727568676764001	0.764893675986884	34
0.0462461154293801	1.29505017397218	331
-0.0229578492434499	0.552861579278889	1429
-0.01684905918208	0.549966932484854	1429
0.0162983452085099	0.758703814770182	1741
0.01778704217386	0.758349119765208	1429
0.0288944917640499	1.0191869890738	1429
-0.01833170548507	0.550474500519343	367
-0.0148090882885701	0.548389809404095	34
-0.01867963642989	0.551199515777305	34
-0.0133214523362899	0.547881190959341	34
-0.02801043708842	0.553669292297474	343
0.01871077411124	0.755607155160683	367
0.0109947834108299	0.762259539823454	1403
-0.0133214523362899	0.547881190959341	214
0.01778704217386	0.758349119765208	214
0.03167742652598	1.01432019259359	1429
-0.0211231585375999	0.550885444723327	214
0.10025312322778	2.21251785981091	34
-0.0161082304962099	0.548551675553127	367
-0.0194204462082701	0.551189226731038	367
-0.0133214523362899	0.547881190959341	367
-0.0261719333284201	0.551946229427137	214
-0.0910512510674899	1.86861013228873	34
0.0221095836482501	1.02454835787204	34
0.0125363585454501	0.762850768189531	305
-0.01793915586182	0.550681864442582	1742
-0.0171990042076899	0.549264213163276	367
0.0103749316466599	0.762431636633961	343
-0.0229578492434499	0.552861579278889	367
-0.02801043708842	0.553669292297474	367
-0.0207325737128501	1.71138084108202	42
0.0313358837825299	1.01518563757739	212
0.0790108487662	1.91374837752664	34
0.02557089435737	1.02407049959421	305
0.03680060499223	1.30461398469245	305
0.02749179744887	2.05575393525865	1742
0.03002230430316	2.23340370519543	331
0.0088112498141899	0.761276206600739	1741
0.0116143427219699	0.761700246788856	343
-0.05671573919245	1.49230762182687	2186
-0.0516234571797001	1.48327793659578	4803
-0.01684905918208	0.549966932484854	367
-0.10932562119465	1.23097820784758	214
0.06589878352699	1.73565091856345	212
-0.01867963642989	0.551199515777305	4659
-0.0229578492434499	0.552861579278889	4659
0.0103749316466599	0.762431636633961	34
-0.11080490215389	1.23236856126249	34
0.0122336098195099	0.760696390018375	1429
0.03502780297054	1.01068446567723	1429
0.0251436124525	1.02531786052478	1429
-0.10781399294324	1.22658290113529	4803
0.0216707063216399	1.02799533706952	367
0.01902804526999	0.755226868543909	214
0.00573816335918997	0.764108055072956	42
-0.01257813221999	0.546472227688933	4659
-0.02611315709352	1.71843249624164	34
-0.10603560874472	1.22806364560938	34
0.01512102378767	0.754962190486718	34
0.0462461154293801	1.29505017397218	305
-0.07619062300858	2.09685907963651	331
0.00975478718977008	0.762163263594681	367
-0.0233936745368599	0.550862796636914	2186
0.02505408571211	1.02091714719233	1429
0.01574816170212	1.0321195333085	214
0.01871077411124	0.755607155160683	34
-0.05777626732437	1.49181418310956	1741
0.01747004335381	0.756663056048577	343
0.01506660852604	0.758605598393455	343
-0.0175902174126199	0.550484114851072	4803
-0.0133214523362899	0.547881190959341	1012
0.0088112498141899	0.761276206600739	214
0.02991361816884	1.01764457331484	34
0.02000911746325	0.755377623377746	305
0.0295431346428601	1.02123807492291	305
-0.01793915586182	0.550681864442582	343
0.0171661011528299	0.75904802450482	367
-0.0681537640783101	1.5087637799206	1429
0.0889870234440999	2.06485346607404	1429
-0.11125605255829	1.23375150478604	2186
0.0415692625851101	1.29863437184814	1429
0.02360865444033	1.02455937999603	42
0.01624146650967	0.757911091286895	5
0.0119175278396799	0.763411251497296	343
0.0171661011528299	0.75904802450482	661
-0.01684905918208	0.549966932484854	367
-0.0535559674058801	1.48977082192916	214
-0.0192767511870799	1.70198219874657	42
0.01129840522229	0.763582575492988	34
-0.00940761822759995	1.6804452525043	613
0.01778704217386	0.758349119765208	1741
0.0292991861709899	1.01833338602226	343
-0.0231996907222301	1.70813892203133	1401
0.0157318035431	0.754115049739323	5
0.01561951040345	0.758273432029444	34
-0.0237047183471799	0.553131982412369	34
0.02838464729894	1.01944578877465	343
0.0572230505432601	1.53337260344159	1429
0.0275813275115999	1.02122707870778	4803
0.0580765153751299	1.53222245520762	42
-0.0175902174126199	0.550484114851072	34
-0.0148090882885701	0.548389809404095	305
0.00139061851764	0.765952564890775	305
0.0325631418333701	1.30925852175971	305
-0.0175902174126199	0.550484114851072	613
-0.0211231585375999	0.550885444723327	343
-0.0323377680085399	0.553061660492431	661
0.0165448668291399	0.759410563089855	1421
0.0171661011528299	0.75904802450482	523
-0.0269256257472901	0.552956033505307	523
0.0757235530742799	1.9169973972747	42
-0.0242917401241001	1.71347213211854	5
0.0220488622013799	1.02365189082599	305
0.02524631072753	1.02519389960119	613
0.01871077411124	0.755607155160683	1267
0.01871077411124	0.755607155160683	1267
-0.0161082304962099	0.548551675553127	367
-0.0237047183471799	0.553131982412369	523
0.02989982701357	1.01499317612806	5
0.00727568676764001	0.764893675986884	2141
0.02717672367142	1.02102489221966	331
-0.01834057120307	0.550050642444883	343
0.0187710487692301	0.755028173933174	5
-0.0175902174126199	0.550484114851072	331
-0.0284811602988899	0.55061642940329	367
0.0149972602149799	0.758302386104218	367
0.0125363585454501	0.762850768189531	367
-0.05306431033568	1.48055643725098	415
0.07144571037937	1.72580983929789	343
-0.09818726924127	1.21267451473753	367
-0.05815865362892	1.4944459738692	661
-0.0201615854936801	0.55033415003984	2582
-0.0171990042076899	0.549264213163276	1429
-0.10687175994753	1.22926627081488	367
0.0833573491967801	1.89836920751093	907
0.02903517183933	1.02204949492412	34
-0.0562161087587201	1.49457472824278	42
0.0287895434765	1.01824056659765	343
-0.0575282725245001	1.49243228623767	2552
0.02709069348849	1.02001712477191	367
-0.0182734884446001	1.70512779716748	34
-0.05581057645379	1.49247696787609	34
0.0215521815141499	0.754354654287299	1267
-0.07279135259072	1.5123081940029	367
0.01072792411642	0.760860178991134	613
-0.0999323290866401	1.89778388407386	613
-0.0171990042076899	0.549264213163276	1741
-0.01406510425906	0.548397333153719	343
0.02186403423846	0.753221450651074	2552
-0.09957178558562	2.42283353338999	367
0.0307231004086601	1.01406756751816	1401
0.0261605415731001	1.02407684478155	34
0.0260782203049601	1.02237730525414	34
0.0020050876903599	0.765882049063241	1741
0.00727568676764001	0.764893675986884	343
0.01599197035305	0.758811048932772	2582
-0.01867963642989	0.551199515777305	367
0.07814494058564	1.71671997866945	42
0.02186403423846	0.753221450651074	42
-0.01793915586182	0.550681864442582	166
0.0494648437560801	1.284254518996	5
0.02895328331936	1.01577127351101	5
0.05059911610399	1.28514950220121	2562
0.01537580367915	0.759367033073816	343
-0.0237047183471799	0.553131982412369	367
-0.02187037799917	0.552145600192979	34
0.0294041486810801	1.01859137622764	358
-0.0175908297052101	0.54879582421027	358
-0.01793915586182	0.550681864442582	415
0.0119175278396799	0.763411251497296	415
-0.02187037799917	0.552145600192979	5
-0.01793915586182	0.550681864442582	825
-0.0194204462082701	0.551189226731038	343
-0.01793915586182	0.550681864442582	367
0.0206277143186899	0.755017748186865	2147
-0.10985970864292	1.22726971571881	34
0.0078920702023999	0.764028740507937	34
-0.0211231585375999	0.550885444723327	166
-0.01793915586182	0.550681864442582	2562
-0.0194204462082701	0.551189226731038	343
-0.01684905918208	0.549966932484854	343
-0.0237047183471799	0.553131982412369	367
-0.0226179329145799	0.552416088281882	367
0.02565217044963	1.02488978075624	2147
-0.0194204462082701	0.551189226731038	2812
-0.01833170548507	0.550474500519343	367
0.0486250990622901	1.28456301478308	166
-0.01867963642989	0.551199515777305	5
0.03174067062064	1.01253637325831	343
-0.0175902174126199	0.550484114851072	595
0.01748449744128	0.756105395003867	5
0.0165448668291399	0.759410563089855	5
-0.00352957825816991	0.764483308886129	613
-0.01793915586182	0.550681864442582	1267
0.02903517183933	1.02204949492412	4733
0.0109947834108299	0.762259539823454	2562
0.01285258494261	0.758773052262144	343
-0.0261719333284201	0.551946229427137	343
0.0482898570069701	1.2853926708017	367
-0.0524375723570301	1.48063271346697	343
0.00665901307583994	0.765261578783683	367
-0.10835397415967	1.22858677898478	367
-0.0237047183471799	0.553131982412369	367
0.02000911746325	0.755377623377746	2812
0.0505317551186	1.2852746095352	214
0.0250163580485501	0.74914716937243	2141
0.0445364856894499	1.28726054974595	415
-0.0358848262909199	2.22698782439471	613
-0.0519866074438999	1.47901335838393	343
-0.10115477368615	1.22150602362827	343
0.0242285957358399	1.02643660961203	343
-0.10687175994753	1.22926627081488	89
-0.01867963642989	0.551199515777305	367
-0.0229578492434499	0.552861579278889	214
0.06769559874339	1.73388752515802	613
0.0242285957358399	1.02643660961203	367
0.0280897854790601	1.02079996471465	89
-0.0222113149496199	0.551599382638492	367
-0.01867963642989	0.551199515777305	89
0.01574816170212	1.0321195333085	214
0.0284906974608501	1.01657017770885	3721
-0.01793915586182	0.550681864442582	166
0.04664516489465	1.290836852643	367
0.036850053719	1.00662778480491	89
0.03691999793431	1.00656222005399	2935
0.0381507018448499	1.29947524939431	5
0.02513212653113	1.02112836308357	5
0.09309369520517	1.87072347780699	613
0.07974676658896	1.90274082836098	343
0.02000911746325	0.755377623377746	343
-0.10633239618235	1.22314350341951	343
0.04301931813585	1.29769079713268	367
0.01747004335381	0.756663056048577	214
-0.01406510425906	0.548397333153719	214
0.01568262168429	0.758873820806681	595
0.0023136105036301	0.763202943427832	34
0.02295855171633	1.019826988129	166
0.0247375467851501	1.02600797208634	5
-0.0194204462082701	0.551189226731038	178
0.01407599498447	0.759090320592301	343
0.0116143427219699	0.761700246788856	367
-0.05108357815843	1.48147159372635	367
0.0149972602149799	0.758302386104218	2935
-0.02187037799917	0.552145600192979	34
0.02124601983105	0.754324576611081	34
-0.01684905918208	0.549966932484854	34
0.02000911746325	0.755377623377746	358
0.01778704217386	0.758349119765208	358
-0.0148090882885701	0.548389809404095	358
-0.0175902174126199	0.550484114851072	178
-0.0222113149496199	0.551599382638492	343
0.0104210257967201	0.760439585074425	343
-0.01257813221999	0.546472227688933	343
-0.01793915586182	0.550681864442582	367
0.01592333896194	0.759438031046279	367
-0.0155534047254999	0.547544421448577	34
0.0078920702023999	0.764028740507937	2562
-0.01793915586182	0.550681864442582	343
-0.01793915586182	0.550681864442582	367
-0.0226374288987801	0.549856773054565	214
-0.02187037799917	0.552145600192979	34
0.0674275382466001	1.51430810397802	34
-0.0194204462082701	0.551189226731038	34
-0.0190906504648001	0.550321617620206	34
-0.0229578492434499	0.552861579278889	34
-0.01867963642989	0.551199515777305	178
-0.02725743812157	0.552658014762978	343
-0.0175902174126199	0.550484114851072	343
-0.0237047183471799	0.553131982412369	214
0.0078920702023999	0.764028740507937	1708
-0.01684905918208	0.549966932484854	343
-0.0194204462082701	0.551189226731038	343
-0.0237047183471799	0.553131982412369	343
-0.01833170548507	0.550474500519343	89
-0.0227444316568199	1.70920590257042	89
-0.04232561736607	2.24299775923095	89
-0.0222113149496199	0.551599382638492	214
-0.02187037799917	0.552145600192979	214
-0.01833170548507	0.550474500519343	214
-0.01257813221999	0.546472227688933	214
-0.01833170548507	0.550474500519343	214
-0.0229578492434499	0.552861579278889	595
-0.02725743812157	0.552658014762978	1608
0.0580251868677599	1.26347444716364	34
-0.0175908297052101	0.54879582421027	34
-0.01793915586182	0.550681864442582	178
-0.09867992495957	1.21393460425289	613
0.0291458798093101	2.2453208502882	613
-0.01684905918208	0.549966932484854	1708
-0.0171990042076899	0.549264213163276	4840
-0.10592159644062	1.90516196720511	89
-0.0179340438979301	1.70131412914771	166
-0.01793915586182	0.550681864442582	5
-0.02187037799917	0.552145600192979	343
-0.01867963642989	0.551199515777305	367
0.01913691153137	1.02692781337906	1577
-0.0190906504648001	0.550321617620206	89
-0.0155534047254999	0.547544421448577	89
-0.10345052698144	1.90434388075063	89
-0.0229578492434499	0.552861579278889	42
0.0122216908150199	0.760819889603963	42
-0.01867963642989	0.551199515777305	1608
-0.01684905918208	0.549966932484854	34
0.0209842897486601	0.751934327643554	166
-0.11558856128569	1.23297280764308	166
0.02110027193831	1.02682674459202	5
-0.0133214523362899	0.547881190959341	178
0.01809055511489	0.756301931943798	613
-0.10444931108858	1.22446009381306	613
-0.0229578492434499	0.552861579278889	1176
-0.0175902174126199	0.550484114851072	343
-0.01257813221999	0.546472227688933	4840
-0.0175908297052101	0.54879582421027	1886
-0.0229578492434499	0.552861579278889	89
0.0336071167225001	1.01473130594953	89
-0.0222113149496199	0.551599382638492	595
0.06740946708783	1.50842119977563	34
-0.0133214523362899	0.547881190959341	1267
-0.0237047183471799	0.553131982412369	1267
-0.0175902174126199	0.550484114851072	1267
-0.0194204462082701	0.551189226731038	343
-0.0237047183471799	0.553131982412369	214
-0.0194204462082701	0.551189226731038	214
-0.01406510425906	0.548397333153719	1763
-0.0155534047254999	0.547544421448577	1608
0.0248413569958701	1.02190389895282	34
0.02565217044963	1.02488978075624	34
-0.0222113149496199	0.551599382638492	34
0.01315489757833	0.761843472172444	5
-0.0194204462082701	0.551189226731038	5
-0.0229578492434499	0.552861579278889	178
-0.0171990042076899	0.549264213163276	1267
0.01809055511489	0.756301931943798	1515
-0.0229578492434499	0.552861579278889	367
-0.01684905918208	0.549966932484854	1577
0.01164779509617	0.760199741312899	89
0.0200856657450199	1.02819197612094	42
-0.0161082304962099	0.548551675553127	2450
-0.01867963642989	0.551199515777305	343
-0.0175902174126199	0.550484114851072	1763
-0.0229578492434499	0.552861579278889	5
-0.0229578492434499	0.552861579278889	5256
-0.0561744432409701	1.49080747782676	340
-0.01833170548507	0.550474500519343	367
0.01871077411124	0.755607155160683	89
-0.0148090882885701	0.548389809404095	214
0.0215521815141499	0.754354654287299	42
-0.01834057120307	0.550050642444883	42
0.0165448668291399	0.759410563089855	3376
-0.01834057120307	0.550050642444883	5463
-0.0175902174126199	0.550484114851072	613
-0.01793915586182	0.550681864442582	1267
-0.0175902174126199	0.550484114851072	5256
-0.01793915586182	0.550681864442582	343
-0.0175902174126199	0.550484114851072	340
-0.0190906504648001	0.550321617620206	340
0.0947884611013201	2.22390116243576	89
-0.01406510425906	0.548397333153719	203
-0.024451922565	0.552456091331436	42
-0.0175908297052101	0.54879582421027	166
0.0063555731143099	0.763740367668568	3376
-0.01834057120307	0.550050642444883	5
0.0112917794020699	1.03343033673997	613
0.0221095836482501	1.02454835787204	613
0.0651798034609801	1.52324178278003	613
-0.01793915586182	0.550681864442582	4406
-0.0175902174126199	0.550484114851072	370
0.03309935646667	1.01532401109268	34
0.0299652595023101	1.01114002087568	166
-0.0226179329145799	0.552416088281882	613
-0.10592906114768	1.2279102410131	89
-0.0190735236970101	0.549621946077532	203
-0.01793915586182	0.550681864442582	214
-0.01867963642989	0.551199515777305	34
-0.01793915586182	0.550681864442582	34
-0.0483815379094199	1.47556230812459	166
0.0119175278396799	0.763411251497296	166
-0.02801043708842	0.553669292297474	5
-0.01867963642989	0.551199515777305	5463
-0.0229578492434499	0.552861579278889	166
-0.0194204462082701	0.551189226731038	613
-0.10554409081224	1.22656773057999	1267
-0.01867963642989	0.551199515777305	343
0.02217945530813	1.02688778579296	1187
-0.01834057120307	0.550050642444883	1877
-0.02876377688911	0.553275796031429	89
0.0428955017822199	1.29992696632699	34
-0.0323377680085399	0.553061660492431	4618
-0.0175902174126199	0.550484114851072	1267
-0.0229578492434499	0.552861579278889	1187
-0.0175902174126199	0.550484114851072	370
-0.0237047183471799	0.553131982412369	89
-0.0222113149496199	0.551599382638492	89
-0.0237047183471799	0.553131982412369	214
-0.11139638581018	1.23238875476122	42
-0.01867963642989	0.551199515777305	34
-0.0161082304962099	0.548551675553127	34
-0.0226179329145799	0.552416088281882	613
-0.01793915586182	0.550681864442582	613
-0.02187037799917	0.552145600192979	1267
-0.01684905918208	0.549966932484854	1267
-0.01833170548507	0.550474500519343	200
-0.01793915586182	0.550681864442582	4406
-0.0237047183471799	0.553131982412369	682
-0.02801043708842	0.553669292297474	682
-0.06143192332748	1.49704750580394	89
-0.01684905918208	0.549966932484854	214
-0.01684905918208	0.549966932484854	3463
-0.02767965965745	0.552564085173501	34
-0.01793915586182	0.550681864442582	34
0.01568262168429	0.758873820806681	166
-0.01833170548507	0.550474500519343	5
-0.0171990042076899	0.549264213163276	4618
-0.0175902174126199	0.550484114851072	5
-0.0229578492434499	0.552861579278889	613
-0.01833170548507	0.550474500519343	613
0.0476960433921001	1.29280531683243	166
-0.01793915586182	0.550681864442582	200
-0.0194204462082701	0.551189226731038	200
-0.01867963642989	0.551199515777305	340
-0.01684905918208	0.549966932484854	340
-0.0175902174126199	0.550484114851072	89
-0.0175902174126199	0.550484114851072	1006
0.02124601983105	0.754324576611081	89
-0.01833170548507	0.550474500519343	214
-0.0175902174126199	0.550484114851072	214
0.01592333896194	0.759438031046279	932
0.0212327596658199	1.02803723430554	2174
-0.02767965965745	0.552564085173501	34
-0.0226179329145799	0.552416088281882	34
0.01195502098348	0.758199545700001	166
0.0193902290263399	0.755405479634455	1187
-0.01793915586182	0.550681864442582	340
-0.01833170548507	0.550474500519343	340
-0.01684905918208	0.549966932484854	89
0.01748449744128	0.756105395003867	89
-0.0148090882885701	0.548389809404095	214
-0.0175902174126199	0.550484114851072	214
-0.02876377688911	0.553275796031429	5
-0.01684905918208	0.549966932484854	2447
-0.0161082304962099	0.548551675553127	2447
-0.02767965965745	0.552564085173501	4618
-0.0194204462082701	0.551189226731038	166
-0.0229578492434499	0.552861579278889	166
-0.01833170548507	0.550474500519343	166
-0.024451922565	0.552456091331436	1877
-0.0271701249015599	1.7172343806093	89
-0.05380176909815	1.48489622233958	214
-0.0222113149496199	0.551599382638492	166
-0.0229578492434499	0.552861579278889	5
-0.0211231585375999	0.550885444723327	166
-0.11572675314858	1.23210446043173	166
0.0122216908150199	0.760819889603963	89
-0.01684905918208	0.549966932484854	89
-0.01833170548507	0.550474500519343	214
-0.01793915586182	0.550681864442582	214
0.0165448668291399	0.759410563089855	34
-0.01834057120307	0.550050642444883	34
0.01072792411642	0.760860178991134	34
-0.0222113149496199	0.551599382638492	166
0.02014336496509	1.02860714024214	166
-0.01867963642989	0.551199515777305	5
-0.01793915586182	0.550681864442582	166
-0.01793915586182	0.550681864442582	166
0.0109947834108299	0.762259539823454	166
-0.0133214523362899	0.547881190959341	600
-0.0194204462082701	0.551189226731038	1267
-0.0229578492434499	0.552861579278889	166
-0.0175902174126199	0.550484114851072	200
0.01592333896194	0.759438031046279	372
-0.0148090882885701	0.548389809404095	1187
-0.0133214523362899	0.547881190959341	1877
-0.0175902174126199	0.550484114851072	89
-0.01834057120307	0.550050642444883	89
0.00261926804877	0.765211121392914	89
0.0119175278396799	0.763411251497296	214
-0.01833170548507	0.550474500519343	214
0.0109947834108299	0.762259539823454	34
-0.0175902174126199	0.550484114851072	34
0.00671064431689006	0.759520748196916	166
0.0134581848063	0.760090988436568	2058
0.0116143427219699	0.761700246788856	200
-0.0190735236970101	0.549621946077532	1187
-0.0175902174126199	0.550484114851072	1187
-0.0229578492434499	0.552861579278889	1877
0.0169137793345999	0.758148594472621	89
-0.11513636184698	1.23641793129181	89
-0.0190906504648001	0.550321617620206	1015
0.0171661011528299	0.75904802450482	214
-0.0229578492434499	0.552861579278889	5231
-0.02187037799917	0.552145600192979	166
-0.06406372956331	1.5039167019627	166
-0.0703125311828801	1.50806036126241	166
0.02124601983105	0.754324576611081	166
0.01599197035305	0.758811048932772	340
0.0119175278396799	0.763411251497296	2527
-0.01867963642989	0.551199515777305	1015
-0.01833170548507	0.550474500519343	2843
0.0285270272181699	1.02247697237609	166
-0.0229578492434499	0.552861579278889	5
-0.10668431796474	1.22131700142868	166
0.03184459048634	1.01329376979727	1267
0.0248413569958701	1.02190389895282	1267
-0.01793915586182	0.550681864442582	200
-0.0175902174126199	0.550484114851072	1187
-0.0175902174126199	0.550484114851072	1015
0.01284008349584	0.760648448535067	2843
-0.0222113149496199	0.551599382638492	34
-0.01793915586182	0.550681864442582	34
0.01624146650967	0.757911091286895	34
-0.0229578492434499	0.552861579278889	166
-0.02801043708842	0.553669292297474	166
-0.0222113149496199	0.551599382638492	166
-0.01684905918208	0.549966932484854	166
0.0134581848063	0.760090988436568	166
0.0125363585454501	0.762850768189531	166
-0.0175902174126199	0.550484114851072	200
0.0203718225073899	0.752920228831872	89
-0.01867963642989	0.551199515777305	1015
0.0110345544285599	0.760564294836467	2843
-0.01793915586182	0.550681864442582	34
-0.02187037799917	0.552145600192979	971
0.01164779509617	0.760199741312899	34
-0.0133214523362899	0.547881190959341	166
0.02000911746325	0.755377623377746	5510
-0.0222113149496199	0.551599382638492	166
-0.01833170548507	0.550474500519343	1225
-0.10642265297753	1.22815760993745	166
-0.01684905918208	0.549966932484854	166
0.0109947834108299	0.762259539823454	340
0.0184076901328201	0.75723648157268	132
-0.0175902174126199	0.550484114851072	340
0.0285270272181699	1.02247697237609	132
-0.01684905918208	0.549966932484854	2843
-0.01833170548507	0.550474500519343	4447
-0.0211231585375999	0.550885444723327	34
-0.0614157150946699	1.49956046212795	34
-0.01834057120307	0.550050642444883	971
-0.01684905918208	0.549966932484854	34
0.01315489757833	0.761843472172444	166
-0.01867963642989	0.551199515777305	200
0.0116143427219699	0.761700246788856	2586
-0.0226179329145799	0.552416088281882	1877
0.0216707063216399	1.02799533706952	1877
-0.02725743812157	0.552658014762978	340
0.0292991861709899	1.01833338602226	340
0.03235800333215	1.01341541569123	132
-0.0175902174126199	0.550484114851072	214
-0.0233936745368599	0.550862796636914	2843
-0.0161082304962099	0.548551675553127	2843
0.00850816361673989	0.762209812938476	34
-0.0148090882885701	0.548389809404095	34
-0.0211231585375999	0.550885444723327	5
0.0125363585454501	0.762850768189531	166
-0.01834057120307	0.550050642444883	166
-0.0226374288987801	0.549856773054565	166
0.00727568676764001	0.764893675986884	166
-0.0175902174126199	0.550484114851072	1225
0.01561951040345	0.758273432029444	372
-0.01684905918208	0.549966932484854	1187
0.0063555731143099	0.763740367668568	1187
0.02565217044963	1.02488978075624	132
-0.0226179329145799	0.552416088281882	1015
-0.06642641793529	1.50622557890343	34
0.00727568676764001	0.764893675986884	34
-0.024451922565	0.552456091331436	34
-0.01793915586182	0.550681864442582	5
-0.0190906504648001	0.550321617620206	166
-0.02611315709352	1.71843249624164	166
0.02991361816884	1.01764457331484	132
-0.01793915586182	0.550681864442582	89
0.00727568676764001	0.764893675986884	34
0.00727568676764001	0.764893675986884	166
-0.01834057120307	0.550050642444883	166
-0.0175902174126199	0.550484114851072	5510
-0.0171990042076899	0.549264213163276	5
-0.0133214523362899	0.547881190959341	975
0.01407599498447	0.759090320592301	1225
0.0591691200539799	1.52341136663965	166
-0.02801043708842	0.553669292297474	372
0.0290005553132999	1.01562715378828	132
-0.0190906504648001	0.550321617620206	89
-0.07518651136264	2.09923018895329	89
0.036850053719	1.00662778480491	89
-0.0190906504648001	0.550321617620206	89
0.0392109459847401	1.30304086604622	1015
-0.0133214523362899	0.547881190959341	1015
-0.01867963642989	0.551199515777305	2843
0.0721653688018	1.92472749784362	34
-0.01867963642989	0.551199515777305	971
-0.00440630595755009	1.9031910191765	5510
-0.02187037799917	0.552145600192979	166
-0.0229578492434499	0.552861579278889	166
-0.01834057120307	0.550050642444883	166
-0.0269256257472901	0.552956033505307	340
-0.10203000831626	1.21990399666934	34
-0.01793915586182	0.550681864442582	34
-0.05455539954296	1.48712414155228	34
-0.01684905918208	0.549966932484854	5
-0.01684905918208	0.549966932484854	166
-0.0175908297052101	0.54879582421027	399
-0.01867963642989	0.551199515777305	166
0.01660784732416	0.757812324223895	166
0.0237194574611801	1.02647944378184	34
-0.0211231585375999	0.550885444723327	975
0.01072792411642	0.760860178991134	166
0.00573816335918997	0.764108055072956	89
-0.01833170548507	0.550474500519343	1015
-0.01793915586182	0.550681864442582	1015
-0.0190735236970101	0.549621946077532	214
0.01284008349584	0.760648448535067	34
0.00354150360094008	0.762464082059043	5
-0.01684905918208	0.549966932484854	5
-0.0229578492434499	0.552861579278889	975
0.0230534391492101	1.31161548398568	166
-0.0614157150946699	1.49956046212795	542
0.02524631072753	1.02519389960119	89
-0.05390474221593	1.49103944606471	34
0.00348152760729992	1.89887986060119	166
-0.01793915586182	0.550681864442582	166
-0.0175902174126199	0.550484114851072	1187
-0.0211231585375999	0.550885444723327	89
0.0341146906365399	1.01378875669284	1015
-0.01793915586182	0.550681864442582	175
0.0109947834108299	0.762259539823454	166
-0.0194204462082701	0.551189226731038	2974
-0.0211231585375999	0.550885444723327	166
-0.02187037799917	0.552145600192979	372
-0.0161082304962099	0.548551675553127	132
-0.0226179329145799	0.552416088281882	132
0.01778704217386	0.758349119765208	2527
-0.0161082304962099	0.548551675553127	34
0.01285258494261	0.758773052262144	5
-0.0175902174126199	0.550484114851072	214
-0.0175902174126199	0.550484114851072	166
-0.0171990042076899	0.549264213163276	1809
-0.0204874736448	1.70758708584501	166
0.0419034439697299	1.29777866103547	166
-0.0222113149496199	0.551599382638492	3992
-0.02876377688911	0.553275796031429	1015
-0.0175902174126199	0.550484114851072	214
-0.0171990042076899	0.549264213163276	214
-0.01833170548507	0.550474500519343	2843
-0.0194204462082701	0.551189226731038	214
-0.10153611005457	1.21944218778049	214
-0.0171990042076899	0.549264213163276	166
-0.0161082304962099	0.548551675553127	166
-0.01793915586182	0.550681864442582	4775
-0.0222113149496199	0.551599382638492	1809
-0.02801043708842	0.553669292297474	166
-0.0194204462082701	0.551189226731038	166
-0.0229578492434499	0.552861579278889	132
-0.0161082304962099	0.548551675553127	372
-0.02187037799917	0.552145600192979	372
-0.0198410677985901	0.54965404061661	340
-0.02187037799917	0.552145600192979	132
-0.0987248057791399	1.21691768744098	132
0.04664516489465	1.290836852643	89
-0.10198311400129	1.21993634723184	3992
0.0078920702023999	0.764028740507937	214
-0.0175902174126199	0.550484114851072	214
-0.0211231585375999	0.550885444723327	2843
0.01537580367915	0.759367033073816	166
0.0191712173218399	1.02397031900888	166
0.0165448668291399	0.759410563089855	166
-0.0211231585375999	0.550885444723327	5021
0.0184076901328201	0.75723648157268	1809
-0.11509721474531	2.45517516741754	166
-0.00648746703328995	1.91995236817292	166
0.00573816335918997	0.764108055072956	166
-0.0171990042076899	0.549264213163276	372
-0.0171990042076899	0.549264213163276	542
-0.0161082304962099	0.548551675553127	542
0.02838464729894	1.01944578877465	542
0.0504553807392101	1.28547126416581	89
0.06020875118725	1.74314315776081	89
-0.1028949271303	1.88654665602406	89
-0.01684905918208	0.549966932484854	3992
0.00727568676764001	0.764893675986884	34
-0.01793915586182	0.550681864442582	34
0.01599197035305	0.758811048932772	34
-0.0148090882885701	0.548389809404095	166
0.0202865462142701	1.02601109734255	166
-0.0222113149496199	0.551599382638492	166
0.0121428402325401	2.08528352398474	166
-0.01793915586182	0.550681864442582	3550
-0.0171990042076899	0.549264213163276	214
0.0290005553132999	1.01562715378828	34
-0.0222113149496199	0.551599382638492	166
-0.01793915586182	0.550681864442582	166
-0.0222113149496199	0.551599382638492	2974
-0.01684905918208	0.549966932484854	2701
-0.0226179329145799	0.552416088281882	214
-0.0222113149496199	0.551599382638492	34
0.01011394338886	0.761225303770816	166
-0.0171990042076899	0.549264213163276	166
-0.0226179329145799	0.552416088281882	166
-0.0226179329145799	0.552416088281882	3316
-0.02262512654245	1.71054126382517	34
-0.0171990042076899	0.549264213163276	166
-0.01793915586182	0.550681864442582	1809
-0.0261719333284201	0.551946229427137	1187
-0.01187267398628	1.6850545483846	214
-0.0236425575319501	2.40627225516333	166
0.01778704217386	0.758349119765208	166
-0.0171990042076899	0.549264213163276	2012
-0.0222113149496199	0.551599382638492	542
0.00819560269860009	0.762135663950305	2701
-0.0649669639722199	1.50555398773272	2701
-0.0261719333284201	0.551946229427137	89
0.0171661011528299	0.75904802450482	5
-0.0211231585375999	0.550885444723327	166
-0.0211231585375999	0.550885444723327	166
-0.01867963642989	0.551199515777305	166
-0.024451922565	0.552456091331436	3316
-0.0184931493109299	1.70323291149526	94
-0.01684905918208	0.549966932484854	166
-0.0229578492434499	0.552861579278889	166
-0.02725743812157	0.552658014762978	166
-0.0222113149496199	0.551599382638492	166
-0.0133214523362899	0.547881190959341	3802
-0.0201615854936801	0.55033415003984	166
-0.01867963642989	0.551199515777305	132
0.06412673287273	1.51537487790267	89
-0.0133214523362899	0.547881190959341	214
-0.0175902174126199	0.550484114851072	214
-0.0161082304962099	0.548551675553127	214
-0.0291747358069401	1.72055835775303	34
-0.0133214523362899	0.547881190959341	166
-0.0171990042076899	0.549264213163276	132
-0.01834057120307	0.550050642444883	542
-0.0229578492434499	0.552861579278889	542
-0.0211231585375999	0.550885444723327	1187
-0.01406510425906	0.548397333153719	132
-0.11170628431902	1.2305877832889	89
-0.01867963642989	0.551199515777305	34
-0.09739683607382	1.88599049276252	34
0.0256312874937501	0.748462431786099	166
-0.01867963642989	0.551199515777305	1266
0.0342172489044501	1.00930991484575	166
-0.0261719333284201	0.551946229427137	166
0.01752892429819	0.757151099994971	542
-0.01867963642989	0.551199515777305	542
-0.02187037799917	0.552145600192979	214
-0.0175908297052101	0.54879582421027	166
-0.01867963642989	0.551199515777305	166
0.0193902290263399	0.755405479634455	1304
0.0920800471484	2.06507583035057	166
0.02124601983105	0.754324576611081	166
-0.0175902174126199	0.550484114851072	542
-0.0171990042076899	0.549264213163276	1187
0.01778704217386	0.758349119765208	542
0.02217945530813	1.02688778579296	132
-0.0229578492434499	0.552861579278889	89
0.02801870066596	1.02252014081199	89
0.00486531691578995	1.88841384996504	89
-0.02801043708842	0.553669292297474	94
-0.0194204462082701	0.551189226731038	214
-0.10543564029091	1.22723185964552	166
0.0236168160365999	1.02401575236479	542
-0.01406510425906	0.548397333153719	1082
0.0948091913739399	2.05209801563985	89
-0.0261719333284201	0.551946229427137	94
0.01778704217386	0.758349119765208	214
-0.0707894098781201	2.08801036721661	5259
-0.0233936745368599	0.550862796636914	166
0.0088112498141899	0.761276206600739	542
0.0227870517039901	0.75256059627571	542
-0.0502716335883899	1.4810248998822	132
-0.10633239618235	1.22314350341951	94
-0.1118880508397	1.23199163864212	214
-0.0229578492434499	0.552861579278889	5259
0.000471667911329909	0.764803139063607	542
-0.0229578492434499	0.552861579278889	1082
0.0116143427219699	0.761700246788856	89
-0.10440690392657	1.21867970862193	166
0.01164779509617	0.760199741312899	5259
-0.10800338150474	1.22887451247308	21
0.01871077411124	0.755607155160683	166
-0.01406510425906	0.548397333153719	132
-0.01406510425906	0.548397333153719	542
-0.02187037799917	0.552145600192979	542
-0.0226179329145799	0.552416088281882	542
0.01537580367915	0.759367033073816	542
-0.0194204462082701	0.551189226731038	89
-0.10747094873141	1.22729703796265	542
-0.0171990042076899	0.549264213163276	542
0.00697269206835993	0.76287814744911	542
0.0078920702023999	0.764028740507937	542
0.0202865462142701	1.02601109734255	89
-0.10242921546217	1.21603218420077	166
-0.10279288345145	1.2185603860678	1082
-0.01833170548507	0.550474500519343	89
0.01747004335381	0.756663056048577	166
-0.01793915586182	0.550681864442582	21
-0.01834057120307	0.550050642444883	89
-0.10687175994753	1.22926627081488	214
0.0247375467851501	1.02600797208634	214
0.0119175278396799	0.763411251497296	132
0.01624146650967	0.757911091286895	166
0.0215521815141499	0.754354654287299	166
0.0162571314550599	1.0316880595547	21
0.02455569779431	1.0258187286238	542
0.01747004335381	0.756663056048577	214
0.01913691153137	1.02692781337906	214
0.0382191407103301	1.30367963989812	166
0.02463486746352	1.02536071648027	132
0.0392109459847401	1.30304086604622	132
-0.10005544127914	1.21556739492474	214
-0.10894797304339	1.22716320719231	214
0.03868028843521	1.30316807911405	214
-0.0222113149496199	0.551599382638492	166
0.01407599498447	0.759090320592301	542
0.06266841816189	1.52693666272575	1304
-0.01867963642989	0.551199515777305	166
0.0633254165746	1.52488161616096	132
-0.01406510425906	0.548397333153719	89
0.0207236956449399	1.02914632111417	166
-0.0194204462082701	0.551189226731038	1587
-0.0198410677985901	0.54965404061661	166
-0.0205748539111099	1.70871526726458	166
-0.02187037799917	0.552145600192979	21
0.01592333896194	0.759438031046279	166
0.0113416165699001	0.760002527897141	799
-0.0237047183471799	0.553131982412369	94
0.0242285957358399	1.02643660961203	166
-0.01867963642989	0.551199515777305	166
0.0260782203049601	1.02237730525414	166
-0.09894167274787	1.89677674534887	4668
0.03680060499223	1.30461398469245	799
0.0481646612186799	1.28469754430954	799
0.11689797602409	2.47230000459484	799
-0.01867963642989	0.551199515777305	214
0.0134581848063	0.760090988436568	214
0.0165448668291399	0.759410563089855	166
0.0119175278396799	0.763411251497296	166
-0.09827595935669	1.21309938183455	799
0.0262454118136699	2.05728585333134	799
-0.0572559780047499	1.49095664610629	132
-0.0226179329145799	0.552416088281882	585
-0.0233658235888801	0.551742344860982	132
0.08453503177055	1.89356082952032	1304
-0.01833170548507	0.550474500519343	214
-0.01793915586182	0.550681864442582	166
-0.0847785905481699	2.1076970062137	21
-0.01834057120307	0.550050642444883	166
-0.0229578492434499	0.552861579278889	89
0.0295431346428601	1.02123807492291	1304
-0.01793915586182	0.550681864442582	89
0.0088112498141899	0.761276206600739	166
-0.01867963642989	0.551199515777305	585
-0.0222113149496199	0.551599382638492	166
0.0182770833105399	2.2679571937494	214
-0.0229578492434499	0.552861579278889	166
-0.0171990042076899	0.549264213163276	132
-0.0133214523362899	0.547881190959341	166
-0.10258828793677	1.22144677831928	166
0.01747004335381	0.756663056048577	799
0.0311689020945001	1.01422881775072	132
0.0424915514115001	1.2976125363267	166
-0.0233936745368599	0.550862796636914	77
-0.01833170548507	0.550474500519343	166
0.01284008349584	0.760648448535067	166
-0.01684905918208	0.549966932484854	166
0.0150711149165299	2.08458372388589	799
0.01568262168429	0.758873820806681	799
-0.01793915586182	0.550681864442582	132
-0.0194204462082701	0.551189226731038	132
-0.01867963642989	0.551199515777305	132
0.01164779509617	0.760199741312899	132
-0.0229578492434499	0.552861579278889	77
0.01537580367915	0.759367033073816	799
-0.01406510425906	0.548397333153719	132
-0.10687175994753	1.22926627081488	303
-0.01867963642989	0.551199515777305	214
-0.01833170548507	0.550474500519343	132
0.0397426762206099	1.30051219598607	166
0.04064640147934	1.29793301700999	166
0.01523900940043	1.03204230215464	166
-0.01867963642989	0.551199515777305	89
-0.10558318524136	1.22507135736124	21
0.0346703059949001	2.22891519763024	166
-0.0229578492434499	0.552861579278889	166
-0.0261719333284201	0.551946229427137	89
0.0251434221306399	1.3097390355343	77
0.04488202299615	1.29341715871197	77
-0.10543564029091	1.22723185964552	166
0.0692967108686899	1.72904924955107	89
-0.01867963642989	0.551199515777305	132
-0.0256965928767099	1.71862494120495	802
-0.04836218132991	1.4744265810586	303
0.0779820956489099	1.7000609842659	303
0.06347545844406	1.52293784551035	132
-0.0617763376633	1.50303319286271	1030
0.0382191407103301	1.30367963989812	132
-0.09889116037618	1.21427715762127	1304
-0.10252407774994	1.21997677961473	1304
-0.0576726913511101	1.49762912413729	77
0.01624146650967	0.757911091286895	77
-0.0608747479990399	1.501398171114	166
0.0469738504500701	1.28043231553019	303
-0.06231926081396	1.50165434444235	303
0.0611687717318501	1.52631488392475	303
0.02535013904992	1.0201013940966	3101
0.0335056952552	1.0124697724784	77
-0.10800338150474	1.22887451247308	303
0.0291061555183301	1.01875402987302	1030
0.01599197035305	0.758811048932772	1030
0.0116143427219699	0.761700246788856	132
-0.10755328916509	1.90652319461854	491
0.05773156964753	1.53537471541537	166
-0.01676775362439	1.69426879026589	491
-0.00874956493497003	2.36540759595865	303
-0.07471041402798	2.09379726521735	303
0.0405810189669	1.29592263580089	89
-0.10144139891664	1.2118643670304	89
0.01315489757833	0.761843472172444	1030
-0.05490832565974	1.49278848013683	1030
0.04066429203633	1.29994632671523	1030
0.02463486746352	1.02536071648027	491
0.02989982701357	1.01499317612806	166
0.0122216908150199	0.760819889603963	1735
0.08030526720058	1.90705616074044	132
0.05865312214469	1.53098603370521	89
0.06761155349767	1.51290810337168	1030
-0.10691641588264	1.22795457827845	77
0.0528608729728499	1.53696486634653	148
-0.07655864888012	2.09837410309643	303
0.03389059294418	1.30457004470355	77
0.0168492385878301	0.756691810281742	166
0.0109947834108299	0.762259539823454	132
0.0260727544639401	1.02125353041721	1030
-0.11125605255829	1.23375150478604	1735
-0.09542930587854	1.20695810956919	1735
-0.0233658235888801	0.551742344860982	132
0.0294732024871101	1.01930068982633	1030
-0.10346572361335	1.2213228672274	1030
-0.01793915586182	0.550681864442582	491
-0.0237047183471799	0.553131982412369	4043
-0.0229578492434499	0.552861579278889	166
-0.0175902174126199	0.550484114851072	166
-0.01793915586182	0.550681864442582	148
0.01284008349584	0.760648448535067	1752
-0.01684905918208	0.549966932484854	89
0.0382191407103301	1.30367963989812	1030
0.08288043742653	1.90656648262431	1030
0.0288944917640499	1.0191869890738	1030
-0.0171990042076899	0.549264213163276	491
0.00881448393888995	1.03253761057344	4043
-0.02187037799917	0.552145600192979	148
-0.0211231585375999	0.550885444723327	89
0.04354814865333	1.29542350611445	1030
0.01624146650967	0.757911091286895	132
-0.05951369032498	1.49607407490953	166
-0.01793915586182	0.550681864442582	166
-0.0760310064238801	2.09541205214583	1030
0.0169137793345999	0.758148594472621	1030
-0.02187037799917	0.552145600192979	166
0.06913213899468	1.51201646788376	166
0.0539894398588301	1.53696294915213	1752
0.0231691152785001	2.06597143306903	1030
0.0289153346109701	2.04757452286848	1030
-0.0161082304962099	0.548551675553127	1304
0.0171661011528299	0.75904802450482	148
0.0797358275089199	2.0921630799424	148
-0.0194204462082701	0.551189226731038	1735
0.0677402767511699	1.72958203185068	89
0.0251436124525	1.02531786052478	491
0.0171661011528299	0.75904802450482	491
0.0759695018232001	1.71577058590063	148
0.0143747157024601	0.757924517569841	166
-0.0187685290836399	1.69677894869677	1039
-0.0175902174126199	0.550484114851072	132
-0.0171990042076899	0.549264213163276	132
-0.0226179329145799	0.552416088281882	442
0.00390684065892	1.90036374430281	1759
-0.11434307276108	1.91643240949434	4043
-0.01684905918208	0.549966932484854	132
-0.0229578492434499	0.552861579278889	148
-0.0201615854936801	0.55033415003984	3813
-0.0161082304962099	0.548551675553127	148
-0.0133214523362899	0.547881190959341	1350
0.0169137793345999	0.758148594472621	1039
-0.0133214523362899	0.547881190959341	1759
-0.02187037799917	0.552145600192979	132
0.01624146650967	0.757911091286895	802
0.01748449744128	0.756105395003867	148
0.02093431032988	0.754713979888223	1350
0.0405561055157899	1.30177474600081	148
0.0233138877407	1.02438215085903	442
0.0360416112870801	1.00747043803321	1030
0.05900769199665	1.53365505708174	1880
0.03967188818365	1.30252951141442	1275
-0.10198311400129	1.21993634723184	1030
0.0519149318477501	1.27582423462939	166
0.01871077411124	0.755607155160683	132
-0.0489174365645899	1.47698323548671	148
-0.10835397415967	1.22858677898478	166
0.01171177808918	1.87808737747833	338
-0.0191873846272299	1.69779407838673	338
-0.03771186697534	2.23106522111889	491
-0.0587495986387101	2.06380656634434	148
-0.0211497334095201	1.71198007878782	148
-0.10258828793677	1.22144677831928	148
-0.0235028653701099	1.70871669624909	491
-0.0987641762151199	1.89428069567077	148
-0.0222113149496199	0.551599382638492	132
-0.01793915586182	0.550681864442582	132
0.03031790937288	1.01748007495024	491
0.0874058148955501	2.2465112385067	166
-0.00294750260532006	2.34149619693093	166
-0.0543298859505801	1.48550122475554	1752
-0.0194204462082701	0.551189226731038	132
0.08227652210574	1.70244816110127	132
-0.0175902174126199	0.550484114851072	148
0.01568262168429	0.758873820806681	166
-0.10031223265611	2.4196676496469	1039
0.0078920702023999	0.764028740507937	132
0.00697269206835993	0.76287814744911	132
0.02557089435737	1.02407049959421	148
0.0467061429526101	1.2943353914512	1039
-0.0175902174126199	0.550484114851072	2409
0.05390658122157	1.75487600910363	1759
0.06818666463497	1.51471490501144	1759
-0.0576726913511101	1.49762912413729	491
-0.01406510425906	0.548397333153719	1936
0.0706643692650399	1.72834230609448	338
0.0682800815535301	1.51393786891023	132
-0.01793915586182	0.550681864442582	1868
-0.0329537026447799	2.22109110112449	491
0.03392738365139	2.22806833029353	338
-0.0175908297052101	0.54879582421027	1868
-0.0544574039196699	1.49224645711565	688
-0.02187037799917	0.552145600192979	491
0.0147296744359999	1.03134153308848	491
-0.0233658235888801	0.551742344860982	1868
-0.0161082304962099	0.548551675553127	148
-0.0229578492434499	0.552861579278889	148
-0.02725743812157	0.552658014762978	148
0.0820230046052901	2.08311390555841	1039
-0.01793915586182	0.550681864442582	338
-0.0648620464404599	1.50193013400876	1868
0.06876568512259	1.51339947923255	132
0.0187710487692301	0.755028173933174	132
0.0615956306355001	1.52532194559684	1185
-0.01834057120307	0.550050642444883	491
-0.01833170548507	0.550474500519343	148
-0.0229578492434499	0.552861579278889	1936
-0.0229578492434499	0.552861579278889	166
0.0915734322321	1.88020882705238	338
-0.01793915586182	0.550681864442582	148
0.07163529109585	1.72675214954599	148
-0.02266520232008	1.70841382272015	166
0.0224817577787899	0.751229543680751	1936
0.0125363585454501	0.762850768189531	132
-0.0269749452466901	2.41608044845238	148
0.0584831934487899	1.26297402768274	1898
0.0197050199579301	1.03000743070103	148
-0.0226179329145799	0.552416088281882	132
-0.10691176675035	1.90534143493138	688
0.03031790937288	1.01748007495024	1039
0.00000640435145005114	1.9051426101966	338
-0.02187037799917	0.552145600192979	491
0.01871077411124	0.755607155160683	148
-0.0226179329145799	0.552416088281882	1898
-0.02187037799917	0.552145600192979	132
0.08639089740346	1.88615873297376	688
-0.0175902174126199	0.550484114851072	2167
-0.05671573919245	1.49230762182687	2989
0.04342847791724	1.29889671885983	1898
-0.0171990042076899	0.549264213163276	1185
-0.0705599153696701	2.08748916911647	148
0.03031790937288	1.01748007495024	688
0.0125363585454501	0.762850768189531	5088
-0.10637803097768	1.22858701604816	148
0.0298086414302301	1.01807488376152	148
-0.0171990042076899	0.549264213163276	338
0.08372340160516	2.08602414841038	148
0.0212327596658199	1.02803723430554	4071
0.0078920702023999	0.764028740507937	303
0.0165448668291399	0.759410563089855	338
0.0241259353643599	1.0249723983371	944
0.0269599974643699	1.01733302165009	944
0.0261605415731001	1.02407684478155	1297
0.01752892429819	0.757151099994971	4071
-0.01834057120307	0.550050642444883	4071
0.01129840522229	0.763582575492988	1039
-0.01406510425906	0.548397333153719	148
-0.0175902174126199	0.550484114851072	148
0.0332018794371001	1.01253088606112	1297
-0.02725743812157	0.552658014762978	166
-0.10830950385233	1.90220214066593	166
-0.01793915586182	0.550681864442582	4071
-0.0229578492434499	0.552861579278889	1039
-0.10434597479575	1.90131514924013	303
0.01624146650967	0.757911091286895	688
0.0118633855235599	1.87120399772789	688
0.0226880220846499	1.02519015650449	148
-0.02187037799917	0.552145600192979	148
-0.0610032971683601	2.06866896417225	1953
-0.0237047183471799	0.553131982412369	1297
0.00261926804877	0.765211121392914	1297
0.0480864485008901	1.28387458717761	338
-0.0148090882885701	0.548389809404095	148
0.0141426002774301	0.759269078836586	148
-0.11076264740338	1.2332872822926	303
-0.01793915586182	0.550681864442582	688
-0.01867963642989	0.551199515777305	148
-0.0237047183471799	0.553131982412369	132
-0.0171990042076899	0.549264213163276	132
-0.0171990042076899	0.549264213163276	148
-0.0226179329145799	0.552416088281882	148
-0.0194204462082701	0.551189226731038	2607
-0.01257813221999	0.546472227688933	2607
-0.02187037799917	0.552145600192979	1039
-0.10051333656116	1.8935343470013	303
0.0171661011528299	0.75904802450482	132
-0.02187037799917	0.552145600192979	4539
-0.01867963642989	0.551199515777305	4510
-0.0226179329145799	0.552416088281882	4510
-0.10312323187153	1.22519374103777	1953
-0.01833170548507	0.550474500519343	148
-0.01834057120307	0.550050642444883	148
-0.01867963642989	0.551199515777305	2607
-0.01684905918208	0.549966932484854	148
0.0391412931614299	1.30220065863749	148
-0.01867963642989	0.551199515777305	148
0.06753174993649	1.51189314350419	1953
-0.0175902174126199	0.550484114851072	1953
-0.0171990042076899	0.549264213163276	1953
0.04262610173866	1.29472585202116	166
-0.0987641762151199	1.89428069567077	148
-0.0161082304962099	0.548551675553127	148
0.0116143427219699	0.761700246788856	148
-0.0175902174126199	0.550484114851072	148
0.0209842897486601	0.751934327643554	166
-0.0237047183471799	0.553131982412369	1251
-0.0133214523362899	0.547881190959341	132
0.0169137793345999	0.758148594472621	132
-0.0175902174126199	0.550484114851072	3260
-0.01833170548507	0.550474500519343	148
-0.01406510425906	0.548397333153719	148
-0.0229578492434499	0.552861579278889	132
-0.0133214523362899	0.547881190959341	1704
0.02821639958189	2.24733784807925	338
0.07202571971867	1.72570963235492	338
0.01871077411124	0.755607155160683	338
-0.0211231585375999	0.550885444723327	2690
0.0116143427219699	0.761700246788856	944
-0.0175902174126199	0.550484114851072	148
-0.0222113149496199	0.551599382638492	2319
0.0206277143186899	0.755017748186865	338
-0.10781399294324	1.22658290113529	338
-0.0175902174126199	0.550484114851072	338
-0.01834057120307	0.550050642444883	1406
-0.0571669442396301	1.49378567678841	338
0.0934219423294	2.3926993785889	4529
-0.0984067391840999	1.88100893895768	1953
0.0594328238992099	1.53207334462706	941
-0.01834057120307	0.550050642444883	941
-0.0175902174126199	0.550484114851072	2319
-0.02187037799917	0.552145600192979	3699
-0.0226179329145799	0.552416088281882	132
-0.0194204462082701	0.551189226731038	132
-0.0171990042076899	0.549264213163276	1550
0.02217945530813	1.02688778579296	338
0.06526923088863	1.5150117605626	3260
-0.0211231585375999	0.550885444723327	941
-0.01834057120307	0.550050642444883	132
0.02124601983105	0.754324576611081	132
0.0168631287751999	0.757214073923297	148
0.01871077411124	0.755607155160683	148
-0.024451922565	0.552456091331436	148
-0.0222113149496199	0.551599382638492	166
-0.01867963642989	0.551199515777305	338
0.0260105893559901	1.02199478674686	3260
-0.0133214523362899	0.547881190959341	3260
-0.0229578492434499	0.552861579278889	3699
-0.0211231585375999	0.550885444723327	3699
-0.01793915586182	0.550681864442582	3260
0.0171661011528299	0.75904802450482	1953
-0.0226179329145799	0.552416088281882	1249
-0.0229578492434499	0.552861579278889	338
-0.01867963642989	0.551199515777305	419
0.0122336098195099	0.760696390018375	148
0.01129840522229	0.763582575492988	3260
0.0464466717548799	1.28665940715592	1953
0.01778704217386	0.758349119765208	941
0.0134581848063	0.760090988436568	941
0.01809055511489	0.756301931943798	166
0.0437687179988799	1.29374994249913	766
0.0340132506823101	1.01221277909953	766
0.0275101920691501	1.02213316065254	2990
0.0275101920691501	1.02213316065254	3260
-0.10607472998061	1.22553208067935	2990
0.0162571314550599	1.0316880595547	338
-0.0194204462082701	0.551189226731038	1776
0.0319189158992099	1.01415139521001	525
-0.0985346587281599	1.89538706547257	3260
0.0584590604965201	1.52629352948887	3260
-0.01867963642989	0.551199515777305	766
0.0125363585454501	0.762850768189531	132
0.0221697618930301	0.75366238476359	132
0.01537580367915	0.759367033073816	132
-0.01684905918208	0.549966932484854	419
0.0487502965931399	1.28411753997347	2675
0.07775423665572	1.91210887222498	1953
-0.01867963642989	0.551199515777305	1249
-0.01684905918208	0.549966932484854	148
-0.0211231585375999	0.550885444723327	1236
0.0171661011528299	0.75904802450482	132
0.0162281405764699	0.756314977892655	419
0.0168631287751999	0.757214073923297	766
-0.0190906504648001	0.550321617620206	148
0.0206277143186899	0.755017748186865	132
0.01561951040345	0.758273432029444	338
0.00573816335918997	0.764108055072956	338
0.0122216908150199	0.760819889603963	419
0.03735710024519	1.00637085222296	525
-0.10800338150474	1.22887451247308	148
-0.1097763498128	1.23083154964227	132
0.02658181513517	1.02082609383453	1953
-0.0237047183471799	0.553131982412369	148
0.01129840522229	0.763582575492988	148
0.0171661011528299	0.75904802450482	148
0.01160300652547	0.7605521945031	338
-0.01684905918208	0.549966932484854	338
0.0381507018448499	1.29947524939431	525
-0.02441545317401	1.70861969637589	2675
0.0357816084004099	1.30672337747178	338
0.0504553807392101	1.28547126416581	338
-0.11174962875569	1.23372500731558	338
0.03488440923481	1.30730554279099	338
0.05084807163494	1.27702545800487	766
0.04203047849513	1.29832878233286	1236
0.0119175278396799	0.763411251497296	132
-0.01688795465951	1.69514828074723	148
-0.10164663295618	1.22314642766214	132
-0.11566923872897	1.23370933298481	132
-0.10736566006625	1.22951384544957	419
0.0942248360737501	2.22153965396525	3260
0.0294041486810801	1.01859137622764	766
-0.10297134909731	1.2212501524651	3529
-0.10547917991948	1.22307298425221	148
-0.0237047183471799	0.553131982412369	338
0.0109947834108299	0.762259539823454	338
-0.0251280943875001	1.71515561120332	148
0.04155258255118	1.29679479084298	148
0.0242285957358399	1.02643660961203	148
0.07467614140067	1.92122096715321	2674
0.0635837239366199	1.73752442853286	148
0.0335056952552	1.0124697724784	148
0.0242285957358399	1.02643660961203	549
-0.0161082304962099	0.548551675553127	338
0.08450553116861	1.89571005920227	148
0.01592333896194	0.759438031046279	419
0.02455569779431	1.0258187286238	169
-0.1049858966867	1.22282536708897	766
0.00569440662451992	1.89446554066813	2674
0.0328647790313099	1.01336973026767	148
-0.10367829059236	1.90352005118939	148
-0.10880258056978	1.22663128892216	148
0.0632398667401199	1.51971735075754	148
0.00573816335918997	0.764108055072956	148
-0.10422758542864	1.21941679613336	148
-0.0233658235888801	0.551742344860982	1263
-0.0226179329145799	0.552416088281882	148
0.01914602621176	0.75363901090142	766
0.0023506122093	1.8971618041295	148
-0.0967550659445999	1.21259218367152	148
0.02565217044963	1.02488978075624	148
0.0549938388401501	1.5366920412023	549
-0.0175902174126199	0.550484114851072	525
0.0162983452085099	0.758703814770182	766
-0.0161082304962099	0.548551675553127	148
0.0119175278396799	0.763411251497296	148
-0.0233658235888801	0.551742344860982	148
-0.0269256257472901	0.552956033505307	1263
0.0078920702023999	0.764028740507937	1263
-0.03635994831517	2.23704245651355	2674
0.0275813275115999	1.02122707870778	2674
-0.01684905918208	0.549966932484854	766
-0.01793915586182	0.550681864442582	139
0.01011394338886	0.761225303770816	1263
0.0206526612642	1.02885544987071	2674
0.0122216908150199	0.760819889603963	766
-0.0171990042076899	0.549264213163276	139
0.04203047849513	1.29832878233286	148
-0.01833170548507	0.550474500519343	525
0.01747004335381	0.756663056048577	766
-0.0190906504648001	0.550321617620206	148
-0.02011027944212	2.38924266819636	2674
0.01669722288577	1.03097103307075	148
-0.0690400335613299	1.50904451578688	2674
-0.01683581539103	1.69999723224547	169
-0.0659756237784299	1.50359694853056	169
0.02565217044963	1.02488978075624	1075
0.01624146650967	0.757911091286895	148
-0.024451922565	0.552456091331436	549
0.0122216908150199	0.760819889603963	148
0.07171800387422	1.92818878827579	2674
0.0122216908150199	0.760819889603963	283
0.0638430152601499	1.5174054079908	148
-0.01834057120307	0.550050642444883	2849
0.0482898570069701	1.2853926708017	148
0.0261605415731001	1.02407684478155	1075
0.05773156964753	1.53537471541537	169
0.0171661011528299	0.75904802450482	1075
0.01599197035305	0.758811048932772	549
0.0660312477012	1.5208248485756	882
0.0207236956449399	1.02914632111417	148
-0.0171990042076899	0.549264213163276	169
0.0848704326263301	1.68729147709509	148
0.08508752751978	1.89972012716107	148
-0.0161082304962099	0.548551675553127	549
-0.0194204462082701	0.551189226731038	169
0.00231643843873997	0.762396738708034	283
0.01748449744128	0.756105395003867	283
0.0122336098195099	0.760696390018375	549
-0.0171990042076899	0.549264213163276	549
-0.10308062669028	1.22256810512924	148
-0.02187037799917	0.552145600192979	283
-0.0175902174126199	0.550484114851072	283
0.0666081821661899	1.51923868637382	283
0.04231350646305	1.29327686095306	148
0.01506660852604	0.758605598393455	525
0.06671987154514	1.7382877768486	525
-0.0997106984381	1.21664382735317	525
-0.11562942191716	1.23660843810015	525
-0.0229578492434499	0.552861579278889	148
-0.02221370502666	1.70816715394163	283
0.00697269206835993	0.76287814744911	549
-0.06900593079461	2.08155010462464	176
-0.0229578492434499	0.552861579278889	549
-0.01684905918208	0.549966932484854	549
-0.0148090882885701	0.548389809404095	231
-0.01793915586182	0.550681864442582	148
0.05707422630237	1.53249355121902	231
0.0216707063216399	1.02799533706952	148
-0.00296943320093002	1.91427512192423	161
-0.000998048498519921	1.90385934131386	525
-0.01867963642989	0.551199515777305	148
-0.0161082304962099	0.548551675553127	274
0.03284553750766	2.23432541184289	231
-0.01867963642989	0.551199515777305	1075
-0.01867963642989	0.551199515777305	148
0.0803473252056199	2.25835987441668	1075
0.0520766692310499	1.54027692972653	274
-0.0171990042076899	0.549264213163276	1465
-0.0194204462082701	0.551189226731038	148
0.0859746176262399	1.88826793557644	753
0.00170180413433996	0.764062147063211	148
0.0848384181967901	2.24588876156061	176
0.0612376100610099	1.53031394192388	1075
-0.09312268387565	2.39704351609933	176
-0.01406510425906	0.548397333153719	274
-0.02124429567091	1.70732964674926	176
-0.01867963642989	0.551199515777305	148
-0.04135170506116	2.44571477426971	1075
-0.02187037799917	0.552145600192979	1075
0.00683628024665994	1.89388871905573	176
-0.0573439637128199	1.48144244057237	525
0.0506426529572599	1.54263190711585	176
0.0020050876903599	0.765882049063241	520
-0.0198992420794699	1.70871876785837	176
-0.07018944389469	2.08710289322554	176
0.01164779509617	0.760199741312899	176
0.0716849949887799	1.7210288547027	140
-0.0194204462082701	0.551189226731038	148
0.09067195394612	2.06945284565616	148
0.01284008349584	0.760648448535067	655
-0.05535938314793	1.4928734221645	176
-0.01793915586182	0.550681864442582	176
-0.10543564029091	1.22723185964552	176
0.0680852577703599	1.73351070484001	176
-0.03253794777457	2.22505418877595	1075
-0.01834057120307	0.550050642444883	655
0.0644149723871801	1.51538544121437	176
-0.0521622866823399	1.48031104193056	176
0.02186403423846	0.753221450651074	148
0.0109947834108299	0.762259539823454	1226
0.01072792411642	0.760860178991134	655
-0.0561388112757999	2.05091489552357	176
-0.0226179329145799	0.552416088281882	148
-0.10592906114768	1.2279102410131	356
-0.0222113149496199	0.551599382638492	1226
-0.0194204462082701	0.551189226731038	1075
-0.0222113149496199	0.551599382638492	148
0.01748449744128	0.756105395003867	1075
-0.0175902174126199	0.550484114851072	356
-0.01684905918208	0.549966932484854	356
0.0372281388365101	1.30094951932726	176
-0.0161082304962099	0.548551675553127	655
0.00757966586990011	0.762502085868347	655
-0.02187037799917	0.552145600192979	655
-0.0233936745368599	0.550862796636914	969
-0.01867963642989	0.551199515777305	140
0.03963639035353	1.30279474401854	161
-0.0237047183471799	0.553131982412369	969
-0.0233936745368599	0.550862796636914	148
-0.01793915586182	0.550681864442582	655
-0.0992176667953899	1.21698962793166	176
0.00727568676764001	0.764893675986884	176
-0.01793915586182	0.550681864442582	1372
-0.01406510425906	0.548397333153719	176
0.0545674890510399	1.53775847786921	176
-0.02187037799917	0.552145600192979	148
-0.10205176605268	1.90216756789453	148
0.02491953769748	1.01869864830946	148
0.01315489757833	0.761843472172444	176
-0.10592906114768	1.2279102410131	176
0.0197590680728199	0.753469688900738	148
0.0467762546099599	1.29382340504176	3747
-0.01684905918208	0.549966932484854	176
-0.0171990042076899	0.549264213163276	176
-0.09195696592847	1.87737224314301	176
-0.0186059405053201	1.69813126351911	176
-0.0585198183860201	2.06205754760957	176
0.0385655702850201	1.30116863206352	176
-0.0984686699561601	1.88798248649581	3747
0.07380941001407	1.71414907083738	176
0.04301931813585	1.29769079713268	176
-0.07396146574837	2.0937928793687	176
0.0326399307271299	1.30711728141419	176
-0.0201615854936801	0.55033415003984	235
0.0169137793345999	0.758148594472621	176
-0.0175902174126199	0.550484114851072	176
-0.0575282725245001	1.49243228623767	176
-0.1049858966867	1.22282536708897	140
0.07892488784329	1.71550402224206	176
0.0154792823682599	2.08112443720243	176
0.03231035587891	2.23540139033138	176
0.0670978320019	1.72770287011313	176
-0.02876377688911	0.553275796031429	140
-0.09787017353837	1.21151523900856	140
-0.01867963642989	0.551199515777305	2756
-0.01793915586182	0.550681864442582	1129
-0.0229578492434499	0.552861579278889	176
0.0125363585454501	0.762850768189531	153
-0.02801043708842	0.553669292297474	2756
0.0122216908150199	0.760819889603963	148
-0.01684905918208	0.549966932484854	140
-0.0194204462082701	0.551189226731038	235
0.0169137793345999	0.758148594472621	235
-0.0237047183471799	0.553131982412369	235
0.0377195982116301	1.30320713319775	140
0.0257548876813101	1.02394917609879	148
0.01778704217386	0.758349119765208	235
-0.0237047183471799	0.553131982412369	148
-0.01867963642989	0.551199515777305	176
-0.0148090882885701	0.548389809404095	235
-0.01867963642989	0.551199515777305	140
-0.0133214523362899	0.547881190959341	176
-0.0211231585375999	0.550885444723327	3140
0.0495455470925701	1.28317421270945	148
-0.0237047183471799	0.553131982412369	140
-0.0222113149496199	0.551599382638492	148
-0.02801043708842	0.553669292297474	148
-0.01257813221999	0.546472227688933	140
-0.01257813221999	0.546472227688933	140
-0.10308062669028	1.22256810512924	140
0.02124601983105	0.754324576611081	176
0.09018538594686	2.0704437441262	140
-0.10115477368615	1.22150602362827	148
0.02859000666643	2.04838311732198	176
0.0248413569958701	1.02190389895282	148
0.03358355448623	2.03285051386658	176
-0.01867963642989	0.551199515777305	148
-0.01867963642989	0.551199515777305	148
0.02859806144348	1.01999056481645	148
0.02360865444033	1.02455937999603	140
-0.01793915586182	0.550681864442582	176
0.00942660745258994	0.759470417462568	140
-0.024451922565	0.552456091331436	5102
-0.0237047183471799	0.553131982412369	148
-0.0175902174126199	0.550484114851072	176
-0.01684905918208	0.549966932484854	176
-0.01684905918208	0.549966932484854	140
-0.10687175994753	1.22926627081488	235
-0.01793915586182	0.550681864442582	235
-0.01867963642989	0.551199515777305	140
0.0215521815141499	0.754354654287299	140
0.00696343909186004	0.762378238498202	140
0.0125363585454501	0.762850768189531	140
-0.0210283764982999	1.70056998051311	140
-0.05833763780501	2.05569133055013	140
-0.01406510425906	0.548397333153719	140
0.08956462317031	2.06427634061411	2002
-0.01406510425906	0.548397333153719	140
0.0700762165669899	1.73295359546774	140
-0.02096830227029	1.70716796654463	176
-0.0175902174126199	0.550484114851072	440
0.04914621856888	1.28673910443437	176
0.02524631072753	1.02519389960119	140
0.0098072089666501	0.759388189042099	140
-0.09966574798447	1.21524025390375	1337
0.01778704217386	0.758349119765208	140
0.01669722288577	1.03097103307075	140
-0.0498212975387	1.4794021366123	633
-0.10312323187153	1.22519374103777	633
0.03031790937288	1.01748007495024	140
0.01599197035305	0.758811048932772	140
-0.01867963642989	0.551199515777305	160
-0.0229578492434499	0.552861579278889	440
0.0117341002186599	1.03176029353655	140
-0.11428910970318	1.23272857242324	176
-0.01684905918208	0.549966932484854	140
-0.0190735236970101	0.549621946077532	140
0.01475934706613	0.759537398828412	235
-0.10687175994753	1.22926627081488	2884
-0.0171990042076899	0.549264213163276	176
0.1131086434348	2.4817717407987	2884
-0.0155534047254999	0.547544421448577	176
-0.0237047183471799	0.553131982412369	176
-0.02187037799917	0.552145600192979	440
0.0467061429526101	1.2943353914512	140
0.0261605415731001	1.02407684478155	140
-0.0211231585375999	0.550885444723327	235
-0.0161082304962099	0.548551675553127	633
-0.0226179329145799	0.552416088281882	235
-0.0175902174126199	0.550484114851072	235
-0.0194204462082701	0.551189226731038	140
-0.01833170548507	0.550474500519343	140
0.0414752512524501	1.29861293651712	440
-0.0237047183471799	0.553131982412369	2884
-0.0233936745368599	0.550862796636914	933
-0.01793915586182	0.550681864442582	235
-0.01867963642989	0.551199515777305	235
-0.0161082304962099	0.548551675553127	140
-0.01684905918208	0.549966932484854	933
-0.0226374288987801	0.549856773054565	1585
-0.0229578492434499	0.552861579278889	1585
-0.0233658235888801	0.551742344860982	1585
0.07537068783837	1.72097616188423	140
0.01778704217386	0.758349119765208	616
-0.0175902174126199	0.550484114851072	235
0.01814378033465	0.755238894355467	3593
0.0165448668291399	0.759410563089855	3183
0.0432366381050999	2.39131159541781	140
0.0054247939732901	0.764072841218079	1591
-0.01232795324867	2.37607695543278	616
-0.10247714592743	1.2207878097138	140
-0.00155307774747993	1.90466829777149	3183
0.0744171059474099	1.71607922010181	616
0.01568262168429	0.758873820806681	1591
-0.01867963642989	0.551199515777305	1591
-0.01793915586182	0.550681864442582	2041
0.00665901307583994	0.765261578783683	2041
-0.01867963642989	0.551199515777305	2041
-0.0190906504648001	0.550321617620206	140
-0.01793915586182	0.550681864442582	140
0.0165448668291399	0.759410563089855	140
0.0575760023137999	1.53563541293351	140
-0.0226179329145799	0.552416088281882	140
0.02448792840739	1.02260431607443	1902
0.0454598611649499	1.28880322481991	1902
-0.01684905918208	0.549966932484854	1694
0.02124601983105	0.754324576611081	1694
0.03269391507925	1.0134708996962	140
-0.0233658235888801	0.551742344860982	1694
0.0192676060575401	1.02775995909835	1694
0.01568262168429	0.758873820806681	140
-0.0222113149496199	0.551599382638492	140
-0.01406510425906	0.548397333153719	235
-0.0175902174126199	0.550484114851072	140
-0.01120143219287	1.68196586096455	140
0.0137731451768	0.759912067951593	140
0.0257548876813101	1.02394917609879	235
-0.01867963642989	0.551199515777305	140
-0.01867963642989	0.551199515777305	140
0.0624373044801501	1.52356811161112	140
0.01778704217386	0.758349119765208	140
-0.10153611005457	1.21944218778049	140
0.0211617750113899	1.02864109830435	140
0.01669722288577	1.03097103307075	140
0.0162983452085099	0.758703814770182	235
0.01561951040345	0.758273432029444	140
-0.01833170548507	0.550474500519343	235
0.04690768225589	1.2869191256241	140
-0.0237047183471799	0.553131982412369	235
-0.0090278604974301	1.92240994420191	140
0.0132591468796599	1.03142416459766	235
0.0184076901328201	0.75723648157268	140
-0.0237047183471799	0.553131982412369	235
0.00888511617360011	0.760048368610647	140
-0.0226179329145799	0.552416088281882	140
0.0063555731143099	0.763740367668568	2311
-0.10158196647092	1.21494796393114	140
0.0777668350418099	1.70882601696586	140
0.0165448668291399	0.759410563089855	235
-0.12469124973792	2.23548403774774	140
-0.0133214523362899	0.547881190959341	140
-0.10751118295759	1.22944916789893	140
0.01011394338886	0.761225303770816	2481
0.00757966586990011	0.762502085868347	140
-0.0175902174126199	0.550484114851072	140
-0.0229578492434499	0.552861579278889	472
-0.01406510425906	0.548397333153719	140
0.0122336098195099	0.760696390018375	140
0.08513430387903	2.07078408259309	140
0.0110345544285599	0.760564294836467	140
0.01660784732416	0.757812324223895	140
0.07713677337293	1.91361709552838	1099
-0.0133214523362899	0.547881190959341	140
-0.01867963642989	0.551199515777305	140
0.01660784732416	0.757812324223895	140
-0.0194204462082701	0.551189226731038	140
-0.01793915586182	0.550681864442582	140
-0.0229578492434499	0.552861579278889	1312
-0.0330973152037799	0.553408349636547	140
-0.0229578492434499	0.552861579278889	140
-0.01684905918208	0.549966932484854	1312
-0.02187037799917	0.552145600192979	140
-0.01257813221999	0.546472227688933	140
-0.01793915586182	0.550681864442582	140
0.0153367398156401	2.08645963572725	140
0.04401124563901	1.28913585930211	140
0.0628446387147099	1.51768062820245	140
